博士研究小助手/数据目录/全球地球物理模型系数/地磁模型2阶_13阶_T.grd
DSAA
361	179
-180.00000	180.00000
-89.00000	89.00000
431.77733	23781.07858
[rows 0 to 24 of 179, columns 0 to 55 of 361]
14605.10341 14604.13247 14603.26248 14602.49372 14601.82647 14601.26095 14600.79740 14600.43599 14600.17688 14600.02020 14599.96606 14600.01453 14600.16566 14600.41948 14600.77597 14601.23509 14601.79679 14602.46098 14603.22752 14604.09628 14605.06707 14606.13970 14607.31392 14608.58947 14609.96606 14611.44337 14613.02106 14614.69873 14616.47599 14618.35240 14620.32749 14622.40078 14624.57173 14626.83980 14629.20440 14631.66493 14634.22076 14636.87121 14639.61559 14642.45317 14645.38321 14648.40493 14651.51751 14654.72012 14658.01190 14661.39196 14664.85937 14668.41318 14672.05243 14675.77612 14679.58320 14683.47263 14687.44333 14691.49418 14695.62405 14699.83178
14281.06799 14279.07470 14277.27391 14275.66634 14274.25264 14273.03345 14272.00934 14271.18084 14270.54844 14270.11260 14269.87371 14269.83213 14269.98815 14270.34205 14270.89403 14271.64426 14272.59284 14273.73985 14275.08531 14276.62916 14278.37133 14280.31168 14282.45000 14284.78607 14287.31958 14290.05019 14292.97747 14296.10098 14299.42019 14302.93454 14306.64339 14310.54607 14314.64182 14318.92986 14323.40933 14328.07930 14332.93882 14337.98685 14343.22229 14348.64401 14354.25079 14360.04137 14366.01443 14372.16857 14378.50236 14385.01428 14391.70278 14398.56623 14405.60295 14412.81120 14420.18917 14427.73500 14435.44678 14443.32253 14451.36020 14459.55771
13972.55375 13969.46464 13966.64974 13964.11034 13961.84772 13959.86310 13958.15763 13956.73243 13955.58857 13954.72705 13954.14885 13953.85484 13953.84588 13954.12274 13954.68616 13955.53677 13956.67519 13958.10194 13959.81747 13961.82219 13964.11640 13966.70037 13969.57427 13972.73819 13976.19217 13979.93614 13983.96998 13988.29347 13992.90631 13997.80813 14002.99846 14008.47674 14014.24235 14020.29454 14026.63251 14033.25535 14040.16206 14047.35154 14054.82261 14062.57399 14070.60429 14078.91206 14087.49572 14096.35360 14105.48394 14114.88488 14124.55445 14134.49059 14144.69114 14155.15384 14165.87633 14176.85614 14188.09073 14199.57742 14211.31346 14223.29599
13680.52347 13676.24234 13672.30695 13668.71946 13665.48200 13662.59665 13660.06545 13657.89038 13656.07339 13654.61637 13653.52114 13652.78949 13652.42311 13652.42366 13652.79271 13653.53175 13654.64223 13656.12549 13657.98279 13660.21532 13662.82417 13665.81035 13669.17476 13672.91823 13677.04145 13681.54503 13686.42948 13691.69518 13697.34242 13703.37136 13709.78203 13716.57438 13723.74818 13731.30313 13739.23877 13747.55451 13756.24964 13765.32331 13774.77452 13784.60215 13794.80493 13805.38145 13816.33016 13827.64935 13839.33719 13851.39167 13863.81065 13876.59185 13889.73281 13903.23095 13917.08352 13931.28762 13945.84020 13960.73807 13975.97786 13991.55607
13405.71950 13400.12740 13394.94234 13390.16764 13385.80661 13381.86253 13378.33863 13375.23814 13372.56422 13370.32001 13368.50857 13367.13292 13366.19603 13365.70079 13365.65001 13366.04644 13366.89272 13368.19144 13369.94506 13372.15596 13374.82641 13377.95855 13381.55444 13385.61598 13390.14498 13395.14308 13400.61181 13406.55254 13412.96650 13419.85477 13427.21827 13435.05774 13443.37379 13452.16683 13461.43709 13471.18465 13481.40938 13492.11098 13503.28894 13514.94256 13527.07097 13539.67307 13552.74756 13566.29295 13580.30752 13594.78936 13609.73635 13625.14613 13641.01614 13657.34363 13674.12558 13691.35880 13709.03985 13727.16509 13745.73066 13764.73247
13148.64754 13141.60358 13135.01788 13128.89527 13123.24059 13118.05869 13113.35440 13109.13253 13105.39789 13102.15524 13099.40931 13097.16476 13095.42623 13094.19826 13093.48535 13093.29189 13093.62220 13094.48049 13095.87087 13097.79732 13100.26371 13103.27378 13106.83111 13110.93915 13115.60118 13120.82031 13126.59950 13132.94149 13139.84887 13147.32400 13155.36905 13163.98598 13173.17651 13182.94217 13193.28422 13204.20369 13215.70139 13227.77785 13240.43334 13253.66788 13267.48124 13281.87288 13296.84200 13312.38753 13328.50810 13345.20206 13362.46747 13380.30209 13398.70338 13417.66853 13437.19440 13457.27755 13477.91427 13499.10051 13520.83196 13543.10396
12909.56590 12900.90891 12892.75168 12885.10095 12877.96349 12871.34609 12865.25559 12859.69881 12854.68261 12850.21380 12846.29918 12842.94552 12840.15954 12837.94790 12836.31718 12835.27390 12834.82445 12834.97514 12835.73214 12837.10151 12839.08914 12841.70079 12844.94202 12848.81824 12853.33464 12858.49622 12864.30775 12870.77380 12877.89868 12885.68643 12894.14088 12903.26554 12913.06365 12923.53819 12934.69178 12946.52678 12959.04520 12972.24873 12986.13873 13000.71619 13015.98177 13031.93576 13048.57809 13065.90832 13083.92561 13102.62875 13122.01616 13142.08584 13162.83541 13184.26209 13206.36269 13229.13364 13252.57095 13276.67023 13301.42669 13326.83513
12688.48139 12678.03239 12668.11555 12658.73988 12649.91449 12641.64855 12633.95130 12626.83201 12620.29999 12614.36455 12609.03501 12604.32064 12600.23071 12596.77442 12593.96090 12591.79920 12590.29827 12589.46694 12589.31391 12589.84771 12591.07674 12593.00918 12595.65303 12599.01608 12603.10586 12607.92968 12613.49457 12619.80729 12626.87430 12634.70173 12643.29542 12652.66085 12662.80314 12673.72704 12685.43694 12697.93680 12711.23020 12725.32029 12740.20977 12755.90093 12772.39557 12789.69506 12807.80026 12826.71157 12846.42890 12866.95165 12888.27872 12910.40852 12933.33891 12957.06725 12981.59038 13006.90460 13033.00571 13059.88896 13087.54908 13115.98027
12485.15253 12472.71797 12460.83961 12449.52915 12438.79845 12428.65944 12419.12420 12410.20485 12401.91357 12394.26260 12387.26416 12380.93051 12375.27385 12370.30637 12366.04017 12362.48727 12359.65959 12357.56893 12356.22694 12355.64508 12355.83465 12356.80672 12358.57214 12361.14149 12364.52508 12368.73294 12373.77478 12379.65995 12386.39746 12393.99594 12402.46363 12411.80834 12422.03744 12433.15786 12445.17604 12458.09795 12471.92901 12486.67417 12502.33778 12518.92367 12536.43509 12554.87470 12574.24456 12594.54612 12615.78020 12637.94701 12661.04609 12685.07634 12710.03601 12735.92268 12762.73327 12790.46400 12819.11045 12848.66751 12879.12939 12910.48964
12299.10047 12284.47605 12270.42445 12256.96047 12244.09907 12231.85538 12220.24466 12209.28229 12198.98373 12189.36451 12180.44020 12172.22639 12164.73866 12157.99255 12152.00355 12146.78707 12142.35841 12138.73273 12135.92503 12133.95012 12132.82262 12132.55688 12133.16701 12134.66682 12137.06978 12140.38906 12144.63742 12149.82724 12155.97047 12163.07861 12171.16270 12180.23326 12190.30029 12201.37324 12213.46099 12226.57181 12240.71336 12255.89265 12272.11602 12289.38914 12307.71696 12327.10370 12347.55285 12369.06714 12391.64852 12415.29815 12440.01638 12465.80277 12492.65603 12520.57405 12549.55389 12579.59174 12610.68297 12642.82206 12676.00268 12710.21762
12129.62734 12112.60230 12096.16035 12080.31972 12065.09885 12050.51640 12036.59119 12023.34220 12010.78853 11998.94937 11987.84397 11977.49164 11967.91167 11959.12335 11951.14590 11943.99849 11937.70016 11932.26981 11927.72618 11924.08780 11921.37296 11919.59971 11918.78579 11918.94859 11920.10519 11922.27222 11925.46593 11929.70209 11934.99598 11941.36236 11948.81544 11957.36882 11967.03552 11977.82786 11989.75752 12002.83544 12017.07183 12032.47611 12049.05692 12066.82207 12085.77849 12105.93226 12127.28855 12149.85158 12173.62464 12198.61007 12224.80919 12252.22233 12280.84882 12310.68695 12341.73397 12373.98609 12407.43844 12442.08515 12477.91923 12514.93267
11975.84156 11956.20320 11937.15295 11918.71279 11900.90496 11883.75194 11867.27644 11851.50134 11836.44969 11822.14463 11808.60942 11795.86738 11783.94183 11772.85611 11762.63351 11753.29726 11744.87046 11737.37608 11730.83693 11725.27559 11720.71438 11717.17537 11714.68028 11713.25047 11712.90692 11713.67016 11715.56023 11718.59669 11722.79851 11728.18407 11734.77113 11742.57677 11751.61734 11761.90845 11773.46491 11786.30069 11800.42889 11815.86171 11832.61040 11850.68521 11870.09540 11890.84916 11912.95360 11936.41473 11961.23741 11987.42532 12014.98098 12043.90567 12074.19943 12105.86108 12138.88815 12173.27689 12209.02228 12246.11799 12284.55640 12324.32859
11836.68869 11814.22687 11792.35410 11771.09636 11750.47993 11730.53139 11711.27757 11692.74552 11674.96245 11657.95574 11641.75290 11626.38148 11611.86911 11598.24343 11585.53204 11573.76250 11562.96225 11553.15860 11544.37869 11536.64945 11529.99752 11524.44929 11520.03078 11516.76761 11514.68501 11513.80771 11514.15992 11515.76529 11518.64684 11522.82695 11528.32728 11535.16872 11543.37135 11552.95441 11563.93622 11576.33413 11590.16450 11605.44265 11622.18277 11640.39792 11660.09998 11681.29956 11704.00605 11728.22746 11753.97050 11781.24046 11810.04123 11840.37522 11872.24338 11905.64516 11940.57849 11977.03973 12015.02371 12054.52368 12095.53135 12138.03682
11710.98652 11685.49805 11660.59657 11636.31228 11612.67572 11589.71776 11567.46953 11545.96242 11525.22803 11505.29813 11486.20463 11467.97956 11450.65502 11434.26312 11418.83598 11404.40569 11391.00423 11378.66347 11367.41511 11357.29064 11348.32129 11340.53800 11333.97134 11328.65150 11324.60821 11321.87071 11320.46767 11320.42717 11321.77661 11324.54268 11328.75128 11334.42748 11341.59544 11350.27839 11360.49851 11372.27692 11385.63359 11400.58731 11417.15559 11435.35465 11455.19930 11476.70294 11499.87751 11524.73338 11551.27935 11579.52258 11609.46858 11641.12112 11674.48223 11709.55215 11746.32931 11784.81032 11824.98989 11866.86090 11910.41432 11955.63926
11597.46256 11568.75510 11540.63066 11513.12381 11486.26947 11460.10293 11434.65976 11409.97580 11386.08715 11363.03009 11340.84108 11319.55670 11299.21363 11279.84862 11261.49842 11244.19978 11227.98936 11212.90374 11198.97934 11186.25241 11174.75891 11164.53456 11155.61470 11148.03428 11141.82781 11137.02928 11133.67209 11131.78902 11131.41216 11132.57281 11135.30145 11139.62766 11145.58002 11153.18610 11162.47232 11173.46392 11186.18485 11200.65775 11216.90382 11234.94276 11254.79275 11276.47028 11299.99019 11325.36553 11352.60751 11381.72545 11412.72675 11445.61677 11480.39884 11517.07418 11555.64190 11596.09892 11638.43998 11682.65759 11728.74204 11776.68137
11494.79219 11462.68769 11431.16131 11400.25205 11369.99931 11340.44284 11311.62271 11283.57929 11256.35321 11229.98533 11204.51667 11179.98845 11156.44198 11133.91867 11112.45999 11092.10740 11072.90236 11054.88621 11038.10022 11022.58546 11008.38282 10995.53289 10984.07596 10974.05192 10965.50023 10958.45985 10952.96916 10949.06588 10946.78704 10946.16886 10947.24669 10950.05491 10954.62689 10960.99486 10969.18983 10979.24153 10991.17827 11005.02691 11020.81271 11038.55928 11058.28846 11080.02028 11103.77280 11129.56211 11157.40217 11187.30479 11219.27952 11253.33363 11289.47196 11327.69697 11368.00859 11410.40425 11454.87878 11501.42445 11550.03087 11600.68502
11401.63566 11365.97321 11330.88386 11296.41109 11262.59878 11229.49117 11197.13284 11165.56866 11134.84379 11105.00364 11076.09381 11048.16011 11021.24849 10995.40502 10970.67586 10947.10723 10924.74534 10903.63638 10883.82647 10865.36160 10848.28759 10832.65005 10818.49428 10805.86526 10794.80755 10785.36523 10777.58184 10771.50027 10767.16271 10764.61054 10763.88425 10765.02336 10768.06628 10773.05026 10780.01124 10788.98380 10800.00097 10813.09421 10828.29324 10845.62594 10865.11825 10886.79406 10910.67510 10936.78083 10965.12834 10995.73226 11028.60465 11063.75495 11101.18983 11140.91319 11182.92606 11227.22651 11273.80967 11322.66761 11373.78936 11427.16088
11316.67264 11277.31054 11238.51714 11200.34037 11162.82855 11126.03036 11089.99484 11054.77131 11020.40938 10986.95895 10954.47012 10922.99324 10892.57881 10863.27750 10835.14012 10808.21755 10782.56075 10758.22070 10735.24837 10713.69464 10693.61030 10675.04599 10658.05209 10642.67873 10628.97565 10616.99220 10606.77720 10598.37886 10591.84475 10587.22161 10584.55532 10583.89077 10585.27174 10588.74078 10594.33911 10602.10648 10612.08103 10624.29918 10638.79548 10655.60251 10674.75067 10696.26816 10720.18072 10746.51162 10775.28144 10806.50800 10840.20623 10876.38807 10915.06233 10956.23465 10999.90736 11046.07945 11094.74647 11145.90048 11199.53002 11255.62009
11238.63285 11195.45012 11152.83285 11110.83335 11069.50433 11028.89881 10989.07016 10950.07207 10911.95850 10874.78371 10838.60219 10803.46868 10769.43813 10736.56570 10704.90671 10674.51663 10645.45106 10617.76566 10591.51618 10566.75835 10543.54789 10521.94041 10501.99140 10483.75612 10467.28959 10452.64643 10439.88087 10429.04657 10420.19659 10413.38323 10408.65797 10406.07128 10405.67257 10407.50999 10411.63032 10418.07882 10426.89907 10438.13285 10451.81991 10467.99790 10486.70212 10507.96543 10531.81806 10558.28744 10587.39806 10619.17133 10653.62542 10690.77511 10730.63171 10773.20289 10818.49259 10866.50093 10917.22413 10970.65440 11026.77994 11085.58484
11166.32224 11119.21940 11072.68037 11026.76173 10981.52043 10937.01374 10893.29925 10850.43483 10808.47868 10767.48923 10727.52522 10688.64562 10650.90967 10614.37684 10579.10682 10545.15950 10512.59496 10481.47345 10451.85534 10423.80110 10397.37127 10372.62639 10349.62696 10328.43339 10309.10589 10291.70445 10276.28869 10262.91782 10251.65048 10242.54468 10235.65761 10231.04558 10228.76379 10228.86626 10231.40561 10236.43293 10243.99755 10254.14694 10266.92646 10282.37918 10300.54571 10321.46400 10345.16913 10371.69315 10401.06486 10433.30965 10468.44932 10506.50191 10547.48154 10591.39828 10638.25797 10688.06217 10740.80797 10796.48798 10855.09019 10916.59795
11098.64396 11047.54330 10997.00661 10947.09464 10897.86845 10849.38941 10801.71914 10754.91958 10709.05292 10664.18164 10620.36851 10577.67656 10536.16910 10495.90971 10456.96226 10419.39086 10383.25990 10348.63401 10315.57803 10284.15700 10254.43614 10226.48079 10200.35636 10176.12829 10153.86197 10133.62266 10115.47543 10099.48499 10085.71568 10074.23123 10065.09472 10058.36838 10054.11345 10052.38999 10053.25671 10056.77077 10062.98760 10071.96067 10083.74127 10098.37830 10115.91804 10136.40393 10159.87634 10186.37230 10215.92538 10248.56534 10284.31804 10323.20515 10365.24399 10410.44737 10458.82339 10510.37532 10565.10145 10622.99499 10684.04393 10748.23106
11034.61406 10979.45935 10924.87072 10870.91295 10817.65107 10765.15036 10713.47634 10662.69478 10612.87173 10564.07349 10516.36664 10469.81805 10424.49488 10380.46462 10337.79506 10296.55434 10256.81090 10218.63355 10182.09137 10147.25379 10114.19052 10082.97149 10053.66690 10026.34708 10001.08247 9977.94353 9957.00068 9938.32416 9921.98394 9908.04955 9896.59000 9887.67356 9881.36760 9877.73841 9876.85099 9878.76884 9883.55369 9891.26534 9901.96132 9915.69671 9932.52382 9952.49198 9975.64720 10002.03198 10031.68500 10064.64085 10100.92982 10140.57764 10183.60522 10230.02849 10279.85816 10333.09954 10389.75241 10449.81085 10513.26313 10580.09162
10973.37203 10914.12786 10855.45383 10797.41860 10740.09101 10683.54009 10627.83507 10573.04541 10519.24076 10466.49104 10414.86643 10364.43740 10315.27474 10267.44958 10221.03342 10176.09812 10132.71597 10090.95966 10050.90233 10012.61750 9976.17915 9941.66163 9909.13967 9878.68832 9850.38293 9824.29900 9800.51221 9779.09820 9760.13254 9743.69054 9729.84715 9718.67670 9710.25281 9704.64811 9701.93402 9702.18055 9705.45601 9711.82674 9721.35683 9734.10781 9750.13841 9769.50415 9792.25713 9818.44565 9848.11393 9881.30179 9918.04439 9958.37189 10002.30921 10049.87577 10101.08527 10155.94541 10214.45779 10276.61765 10342.41381 10411.82849
10914.18635 10850.83717 10788.06402 10725.93930 10664.53550 10603.92526 10544.18135 10485.37667 10427.58433 10370.87764 10315.33016 10261.01573 10208.00850 10156.38300 10106.21413 10057.57727 10010.54825 9965.20339 9921.61955 9879.87414 9840.04512 9802.21099 9766.45080 9732.84407 9701.47083 9672.41147 9645.74672 9621.55752 9599.92492 9580.92993 9564.65337 9551.17567 9540.57667 9532.93542 9528.32988 9526.83671 9528.53094 9533.48568 9541.77181 9553.45763 9568.60852 9587.28659 9609.55033 9635.45423 9665.04846 9698.37844 9735.48459 9776.40193 9821.15978 9869.78146 9922.28399 9978.67789 10038.96689 10103.14774 10171.21008 10243.13626
10856.45563 10789.00458 10722.13707 10655.92910 10590.45671 10525.79597 10462.02301 10399.21404 10337.44540 10276.79359 10217.33533 10159.14757 10102.30760 10046.89306 9992.98205 9940.65310 9889.98531 9841.05836 9793.95254 9748.74883 9705.52887 9664.37504 9625.37039 9588.59870 9554.14439 9522.09250 9492.52860 9465.53874 9441.20929 9419.62682 9400.87792 9385.04903 9372.22622 9362.49494 9355.93974 9352.64401 9352.68961 9356.15659 9363.12282 9373.66356 9387.85116 9405.75458 9427.43902 9452.96552 9482.39052 9515.76547 9553.13641 9594.54361 9640.02119 9689.59676 9743.29109 9801.11784 9863.08325 9929.18595 9999.41670 10073.75830
