博士研究小助手/数据目录/全球地球物理模型系数/地磁模型3阶_13阶_T.grd
DSAA
361	179
-180.00000	180.00000
-89.00000	89.00000
426.19584	15397.16715
[rows 150 to 174 of 179, columns 168 to 223 of 361]
5579.27521 5592.23462 5606.13843 5620.90422 5636.44867 5652.68785 5669.53760 5686.91380 5704.73280 5722.91167 5741.36857 5760.02308 5778.79651 5797.61223 5816.39593 5835.07593 5853.58345 5871.85284 5889.82179 5907.43159 5924.62725 5941.35767 5957.57579 5973.23867 5988.30755 6002.74795 6016.52961 6029.62660 6042.01716 6053.68379 6064.61306 6074.79563 6084.22606 6092.90275 6100.82782 6108.00694 6114.44923 6120.16707 6125.17603 6129.49467 6133.14442 6136.14945 6138.53656 6140.33503 6141.57652 6142.29497 6142.52649 6142.30927 6141.68349 6140.69124 6139.37641 6137.78463 6135.96315 6133.96077 6131.82769 6129.61542
5766.62271 5779.32572 5792.86568 5807.16786 5822.15682 5837.75671 5853.89151 5870.48536 5887.46283 5904.74920 5922.27074 5939.95499 5957.73101 5975.52966 5993.28383 6010.92869 6028.40188 6045.64377 6062.59758 6079.20961 6095.42935 6111.20964 6126.50678 6141.28058 6155.49449 6169.11560 6182.11468 6194.46624 6206.14842 6217.14307 6227.43563 6237.01513 6245.87409 6254.00844 6261.41745 6268.10363 6274.07265 6279.33318 6283.89686 6287.77816 6290.99427 6293.56503 6295.51280 6296.86243 6297.64108 6297.87822 6297.60552 6296.85675 6295.66775 6294.07629 6292.12208 6289.84659 6287.29304 6284.50626 6281.53262 6278.41988
5966.28380 5978.75860 5991.96755 6005.84306 6020.31697 6035.32083 6050.78609 6066.64443 6082.82790 6099.26924 6115.90208 6132.66117 6149.48260 6166.30402 6183.06485 6199.70648 6216.17243 6232.40855 6248.36314 6263.98716 6279.23427 6294.06103 6308.42694 6322.29455 6335.62949 6348.40058 6360.57979 6372.14232 6383.06658 6393.33416 6402.92984 6411.84156 6420.06035 6427.58030 6434.39848 6440.51493 6445.93253 6450.65697 6454.69666 6458.06266 6460.76862 6462.83070 6464.26749 6465.09997 6465.35142 6465.04736 6464.21548 6462.88561 6461.08960 6458.86132 6456.23654 6453.25287 6449.94968 6446.36802 6442.55053 6438.54130
6176.27588 6188.52440 6201.40982 6214.87110 6228.84680 6243.27522 6258.09466 6273.24360 6288.66095 6304.28617 6320.05955 6335.92237 6351.81707 6367.68745 6383.47884 6399.13826 6414.61459 6429.85868 6444.82350 6459.46429 6473.73862 6487.60652 6501.03059 6513.97599 6526.41059 6538.30497 6549.63248 6560.36923 6570.49415 6579.98896 6588.83817 6597.02907 6604.55173 6611.39892 6617.56612 6623.05146 6627.85569 6631.98213 6635.43660 6638.22742 6640.36530 6641.86336 6642.73701 6643.00395 6642.68410 6641.79957 6640.37458 6638.43542 6636.01043 6633.12988 6629.82597 6626.13273 6622.08596 6617.72313 6613.08333 6608.20711
6394.58910 6406.59049 6419.13769 6432.17570 6445.64922 6459.50273 6473.68074 6488.12796 6502.78944 6517.61078 6532.53828 6547.51911 6562.50145 6577.43467 6592.26945 6606.95793 6621.45383 6635.71259 6649.69147 6663.34964 6676.64833 6689.55085 6702.02269 6714.03161 6725.54768 6736.54331 6746.99329 6756.87488 6766.16774 6774.85400 6782.91825 6790.34755 6797.13141 6803.26176 6808.73299 6813.54186 6817.68752 6821.17149 6823.99758 6826.17191 6827.70287 6828.60105 6828.87925 6828.55244 6827.63770 6826.15418 6824.12311 6821.56771 6818.51316 6814.98656 6811.01686 6806.63482 6801.87293 6796.76537 6791.34785 6785.65762
6619.22375 6630.93835 6643.11428 6655.70209 6668.65207 6681.91434 6695.43908 6709.17662 6723.07762 6737.09321 6751.17514 6765.27590 6779.34888 6793.34847 6807.23022 6820.95091 6834.46869 6847.74320 6860.73562 6873.40881 6885.72735 6897.65765 6909.16802 6920.22867 6930.81186 6940.89186 6950.44503 6959.44986 6967.88697 6975.73913 6982.99131 6989.63065 6995.64646 7001.03026 7005.77574 7009.87877 7013.33737 7016.15174 7018.32417 7019.85911 7020.76308 7021.04469 7020.71461 7019.78554 7018.27218 7016.19121 7013.56128 7010.40293 7006.73860 7002.59254 6997.99082 6992.96125 6987.53329 6981.73805 6975.60816 6969.17772
6848.21860 6859.59225 6871.34962 6883.44633 6895.83780 6908.47930 6921.32613 6934.33376 6947.45794 6960.65480 6973.88104 6987.09399 7000.25175 7013.31329 7026.23857 7038.98862 7051.52564 7063.81311 7075.81585 7087.50013 7098.83369 7109.78586 7120.32761 7130.43157 7140.07212 7149.22544 7157.86950 7165.98415 7173.55110 7180.55399 7186.97837 7192.81173 7198.04352 7202.66514 7206.66998 7210.05337 7212.81262 7214.94700 7216.45773 7217.34799 7217.62289 7217.28948 7216.35672 7214.83547 7212.73847 7210.08033 7206.87749 7203.14820 7198.91250 7194.19216 7189.01066 7183.39314 7177.36636 7170.95859 7164.19963 7157.12063
7079.67186 7090.64026 7101.92175 7113.47663 7125.26497 7137.24675 7149.38196 7161.63072 7173.95341 7186.31075 7198.66390 7210.97462 7223.20529 7235.31906 7247.27993 7259.05281 7270.60364 7281.89945 7292.90843 7303.60001 7313.94493 7323.91526 7333.48454 7342.62772 7351.32131 7359.54336 7367.27351 7374.49306 7381.18493 7387.33377 7392.92590 7397.94940 7402.39409 7406.25154 7409.51510 7412.17991 7414.24286 7415.70267 7416.55982 7416.81660 7416.47706 7415.54707 7414.03423 7411.94793 7409.29932 7406.10125 7402.36832 7398.11682 7393.36469 7388.13153 7382.43854 7376.30848 7369.76561 7362.83569 7355.54584 7347.92456
7311.75634 7322.24935 7332.99185 7343.94840 7355.08333 7366.36092 7377.74545 7389.20129 7400.69303 7412.18558 7423.64421 7435.03468 7446.32333 7457.47713 7468.46379 7479.25180 7489.81056 7500.11038 7510.12260 7519.81962 7529.17500 7538.16344 7546.76090 7554.94463 7562.69319 7569.98653 7576.80598 7583.13432 7588.95581 7594.25619 7599.02274 7603.24428 7606.91118 7610.01541 7612.55053 7614.51170 7615.89572 7616.70099 7616.92756 7616.57710 7615.65294 7614.16003 7612.10495 7609.49591 7606.34274 7602.65688 7598.45135 7593.74076 7588.54127 7582.87053 7576.74773 7570.19350 7563.22987 7555.88026 7548.16940 7540.12328
7542.73029 7552.67612 7562.81477 7573.11468 7583.54413 7594.07132 7604.66443 7615.29175 7625.92175 7636.52314 7647.06498 7657.51672 7667.84831 7678.03026 7688.03371 7697.83047 7707.39313 7716.69509 7725.71063 7734.41497 7742.78429 7750.79584 7758.42791 7765.65995 7772.47255 7778.84753 7784.76794 7790.21808 7795.18359 7799.65142 7803.60989 7807.04868 7809.95889 7812.33305 7814.16509 7815.45043 7816.18593 7816.36994 7816.00228 7815.08427 7813.61872 7811.60992 7809.06367 7805.98726 7802.38946 7798.28052 7793.67214 7788.57748 7783.01112 7776.98907 7770.52867 7763.64866 7756.36906 7748.71115 7740.69747 7732.35168
7770.94527 7780.27432 7789.74630 7799.33322 7809.00697 7818.73935 7828.50215 7838.26724 7848.00664 7857.69260 7867.29764 7876.79462 7886.15685 7895.35810 7904.37268 7913.17551 7921.74218 7930.04895 7938.07289 7945.79185 7953.18455 7960.23063 7966.91065 7973.20618 7979.09981 7984.57519 7989.61708 7994.21133 7998.34500 8002.00630 8005.18465 8007.87072 8010.05643 8011.73496 8012.90079 8013.54972 8013.67886 8013.28664 8012.37285 8010.93861 8008.98643 8006.52013 8003.54491 8000.06735 7996.09534 7991.63813 7986.70633 7981.31182 7975.46784 7969.18887 7962.49067 7955.39024 7947.90576 7940.05659 7931.86320 7923.34715
7994.85184 8003.50024 8012.24825 8021.07119 8029.94423 8038.84250 8047.74112 8056.61526 8065.44022 8074.19150 8082.84483 8091.37624 8099.76213 8107.97933 8116.00511 8123.81727 8131.39421 8138.71491 8145.75903 8152.50695 8158.93978 8165.03946 8170.78873 8176.17120 8181.17141 8185.77481 8189.96784 8193.73792 8197.07352 8199.96415 8202.40039 8204.37392 8205.87757 8206.90527 8207.45212 8207.51442 8207.08961 8206.17636 8204.77453 8202.88521 8200.51070 8197.65453 8194.32144 8190.51743 8186.24968 8181.52662 8176.35787 8170.75424 8164.72774 8158.29152 8151.45989 8144.24827 8136.67317 8128.75214 8120.50379 8111.94768
8213.00387 8220.91661 8228.89196 8236.90828 8244.94380 8252.97670 8260.98515 8268.94739 8276.84175 8284.64674 8292.34107 8299.90370 8307.31394 8314.55143 8321.59623 8328.42884 8335.03027 8341.38208 8347.46639 8353.26595 8358.76417 8363.94515 8368.79373 8373.29552 8377.43690 8381.20510 8384.58820 8387.57517 8390.15588 8392.32113 8394.06268 8395.37329 8396.24667 8396.67759 8396.66182 8396.19621 8395.27862 8393.90803 8392.08447 8389.80906 8387.08403 8383.91269 8380.29944 8376.24981 8371.77039 8366.86889 8361.55407 8355.83578 8349.72494 8343.23349 8336.37441 8329.16167 8321.61022 8313.73598 8305.55578 8297.08731
8424.06199 8431.19555 8438.36078 8445.53881 8452.71069 8459.85742 8466.96002 8473.99953 8480.95710 8487.81404 8494.55180 8501.15211 8507.59693 8513.86856 8519.94965 8525.82324 8531.47281 8536.88230 8542.03617 8546.91942 8551.51763 8555.81698 8559.80429 8563.46707 8566.79350 8569.77252 8572.39379 8574.64779 8576.52575 8578.01977 8579.12278 8579.82856 8580.13178 8580.02803 8579.51378 8578.58645 8577.24439 8575.48691 8573.31425 8570.72766 8567.72931 8564.32238 8560.51102 8556.30033 8551.69642 8546.70633 8541.33809 8535.60067 8529.50396 8523.05882 8516.27698 8509.17108 8501.75463 8494.04198 8486.04829 8477.78953
8626.79638 8633.12089 8639.45183 8645.77291 8652.06777 8658.32003 8664.51329 8670.63124 8676.65761 8682.57628 8688.37130 8694.02690 8699.52758 8704.85807 8710.00346 8714.94914 8719.68091 8724.18497 8728.44795 8732.45698 8736.19967 8739.66418 8742.83921 8745.71407 8748.27867 8750.52355 8752.43991 8754.01966 8755.25539 8756.14040 8756.66877 8756.83529 8756.63557 8756.06599 8755.12373 8753.80680 8752.11400 8750.04502 8747.60034 8744.78132 8741.59016 8738.02992 8734.10452 8729.81873 8725.17817 8720.18933 8714.85952 8709.19691 8703.21046 8696.90998 8690.30605 8683.41006 8676.23414 8668.79118 8661.09479 8653.15925
8820.08913 8825.58994 8831.07731 8836.53732 8841.95601 8847.31937 8852.61344 8857.82429 8862.93807 8867.94105 8872.81964 8877.56043 8882.15022 8886.57606 8890.82525 8894.88540 8898.74447 8902.39075 8905.81292 8909.00008 8911.94177 8914.62797 8917.04918 8919.19639 8921.06112 8922.63546 8923.91205 8924.88414 8925.54560 8925.89091 8925.91520 8925.61427 8924.98458 8924.02330 8922.72827 8921.09806 8919.13195 8916.82995 8914.19279 8911.22197 8907.91969 8904.28892 8900.33337 8896.05750 8891.46648 8886.56626 8881.36350 8875.86559 8870.08062 8864.01741 8857.68546 8851.09495 8844.25672 8837.18226 8829.88369 8822.37372
9002.93638 9007.61507 9012.26544 9016.87575 9021.43420 9025.92903 9030.34845 9034.68076 9038.91431 9043.03756 9047.03912 9050.90773 9054.63234 9058.20210 9061.60639 9064.83486 9067.87744 9070.72438 9073.36625 9075.79398 9077.99889 9079.97268 9081.70749 9083.19588 9084.43088 9085.40599 9086.11522 9086.55307 9086.71459 9086.59535 9086.19149 9085.49970 9084.51729 9083.24211 9081.67264 9079.80797 9077.64781 9075.19247 9072.44291 9069.40073 9066.06814 9062.44800 9058.54382 9054.35974 9049.90053 9045.17158 9040.17894 9034.92925 9029.42977 9023.68837 9017.71350 9011.51421 9005.10010 8998.48131 8991.66855 8984.67302
9174.45011 9178.32489 9182.16106 9185.94884 9189.67845 9193.34012 9196.92408 9200.42064 9203.82018 9207.11316 9210.29018 9213.34196 9216.25941 9219.03359 9221.65580 9224.11753 9226.41056 9228.52689 9230.45884 9232.19903 9233.74038 9235.07619 9236.20008 9237.10607 9237.78856 9238.24236 9238.46271 9238.44527 9238.18615 9237.68192 9236.92964 9235.92684 9234.67152 9233.16222 9231.39796 9229.37830 9227.10330 9224.57357 9221.79023 9218.75494 9215.46992 9211.93789 9208.16215 9204.14651 9199.89531 9195.41346 9190.70634 9185.77991 9180.64060 9175.29537 9169.75168 9164.01746 9158.10112 9152.01156 9145.75810 9139.35049
9333.85969 9336.96524 9340.02602 9343.03404 9345.98132 9348.85990 9351.66186 9354.37931 9357.00446 9359.52959 9361.94709 9364.24947 9366.42941 9368.47971 9370.39338 9372.16361 9373.78381 9375.24759 9376.54885 9377.68170 9378.64055 9379.42011 9380.01536 9380.42161 9380.63452 9380.65005 9380.46454 9380.07470 9379.47759 9378.67068 9377.65182 9376.41927 9374.97169 9373.30817 9371.42822 9369.33177 9367.01921 9364.49134 9361.74943 9358.79516 9355.63069 9352.25861 9348.68195 9344.90419 9340.92927 9336.76154 9332.40580 9327.86729 9323.15166 9318.26498 9313.21375 9308.00484 9302.64553 9297.14348 9291.50672 9285.74364
9480.51323 9482.89992 9485.23933 9487.52509 9489.75083 9491.91021 9493.99694 9496.00478 9497.92753 9499.75911 9501.49352 9503.12486 9504.64737 9506.05542 9507.34353 9508.50641 9509.53890 9510.43608 9511.19319 9511.80573 9512.26940 9512.58014 9512.73414 9512.72787 9512.55806 9512.22171 9511.71612 9511.03891 9510.18796 9509.16152 9507.95812 9506.57665 9505.01631 9503.27667 9501.35763 9499.25943 9496.98268 9494.52836 9491.89777 9489.09260 9486.11490 9482.96708 9479.65191 9476.17251 9472.53236 9468.73533 9464.78559 9460.68769 9456.44652 9452.06729 9447.55556 9442.91721 9438.15842 9433.28570 9428.30583 9423.22591
9613.87856 9615.61114 9617.29709 9618.93146 9620.50931 9622.02573 9623.47586 9624.85489 9626.15805 9627.38069 9628.51820 9629.56609 9630.51998 9631.37560 9632.12879 9632.77555 9633.31204 9633.73454 9634.03953 9634.22365 9634.28373 9634.21680 9634.02009 9633.69104 9633.22731 9632.62679 9631.88760 9631.00811 9629.98692 9628.82290 9627.51517 9626.06313 9624.46641 9622.72495 9620.83895 9618.80889 9616.63554 9614.31993 9611.86341 9609.26758 9606.53435 9603.66591 9600.66473 9597.53356 9594.27546 9590.89373 9587.39198 9583.77407 9580.04415 9576.20661 9572.26611 9568.22757 9564.09616 9559.87727 9555.57653 9551.19981
9733.54394 9734.69976 9735.81221 9736.87758 9737.89215 9738.85226 9739.75428 9740.59463 9741.36979 9742.07631 9742.71080 9743.26998 9743.75062 9744.14961 9744.46396 9744.69075 9744.82723 9744.87075 9744.81878 9744.66897 9744.41909 9744.06708 9743.61102 9743.04918 9742.37999 9741.60207 9740.71421 9739.71539 9738.60479 9737.38179 9736.04596 9734.59708 9733.03514 9731.36034 9729.57308 9727.67399 9725.66392 9723.54392 9721.31528 9718.97950 9716.53828 9713.99358 9711.34754 9708.60253 9705.76115 9702.82619 9699.80066 9696.68779 9693.49098 9690.21387 9686.86028 9683.43420 9679.93984 9676.38157 9672.76395 9669.09170
9839.21841 9839.88521 9840.51394 9841.10190 9841.64645 9842.14496 9842.59484 9842.99357 9843.33864 9843.62764 9843.85818 9844.02796 9844.13477 9844.17644 9844.15090 9844.05620 9843.89043 9843.65182 9843.33870 9842.94949 9842.48274 9841.93712 9841.31141 9840.60454 9839.81554 9838.94361 9837.98807 9836.94838 9835.82414 9834.61513 9833.32123 9831.94253 9830.47922 9828.93169 9827.30046 9825.58623 9823.78985 9821.91233 9819.95484 9817.91872 9815.80547 9813.61675 9811.35438 9809.02032 9806.61673 9804.14588 9801.61022 9799.01236 9796.35502 9793.64110 9790.87363 9788.05579 9785.19086 9782.28230 9779.33366 9776.34861
9930.73180 9931.00516 9931.24713 9931.45591 9931.62968 9931.76669 9931.86520 9931.92353 9931.94001 9931.91306 9931.84110 9931.72265 9931.55626 9931.34055 9931.07420 9930.75596 9930.38466 9929.95919 9929.47853 9928.94174 9928.34795 9927.69641 9926.98643 9926.21741 9925.38888 9924.50044 9923.55179 9922.54275 9921.47323 9920.34324 9919.15292 9917.90251 9916.59234 9915.22288 9913.79470 9912.30848 9910.76501 9909.16522 9907.51011 9905.80083 9904.03862 9902.22486 9900.36100 9898.44865 9896.48948 9894.48530 9892.43801 9890.34964 9888.22229 9886.05817 9883.85960 9881.62899 9879.36882 9877.08169 9874.77027 9872.43731
10008.03428 10008.01482 10007.97143 10007.90297 10007.80833 10007.68641 10007.53616 10007.35653 10007.14654 10006.90522 10006.63164 10006.32492 10005.98422 10005.60874 10005.19773 10004.75049 10004.26636 10003.74475 10003.18513 10002.58700 10001.94993 10001.27358 10000.55762 9999.80182 9999.00602 9998.17010 9997.29402 9996.37782 9995.42160 9994.42553 9993.38986 9992.31489 9991.20103 9990.04874 9988.85856 9987.63110 9986.36706 9985.06718 9983.73232 9982.36339 9980.96136 9979.52731 9978.06235 9976.56770 9975.04462 9973.49447 9971.91864 9970.31862 9968.69595 9967.05225 9965.38917 9963.70844 9962.01186 9960.30127 9958.57856 9956.84568
