博士研究小助手/数据目录/全球地球物理模型系数/地磁模型2阶_13阶_T.grd
DSAA
361	179
-180.00000	180.00000
-89.00000	89.00000
431.77733	23781.07858
[rows 100 to 124 of 179, columns 224 to 279 of 361]
9033.55323 8957.21312 8894.47666 8845.31483 8809.56626 8786.94839 8777.07152 8779.45469 8793.54261 8818.72278 8854.34190 8899.72109 8954.16927 9016.99453 9087.51323 9165.05687 9248.97693 9338.64776 9433.46785 9532.85983 9636.26938 9743.16350 9853.02824 9965.36632 10079.69466 10195.54219 10312.44790 10429.95928 10547.63129 10665.02572 10781.71115 10897.26325 11011.26560 11123.31080 11233.00188 11339.95397 11443.79607 11544.17283 11640.74646 11733.19843 11821.23112 11904.56925 11982.96105 12056.17926 12124.02170 12186.31154 12242.89732 12293.65238 12338.47411 12377.28267 12410.01936 12436.64462 12457.13572 12471.48408 12479.69250 12481.77208
9122.35983 9061.82379 9014.02211 8978.84370 8956.06265 8945.35072 8946.29181 8958.39745 8981.12256 9013.88079 9056.05872 9107.02859 9166.15902 9232.82388 9306.40892 9386.31659 9471.96893 9562.80903 9658.30107 9757.92950 9861.19736 9967.62424 10076.74394 10188.10218 10301.25442 10415.76394 10531.20039 10647.13871 10763.15855 10878.84423 10993.78506 11107.57620 11219.81978 11330.12638 11438.11670 11543.42336 11645.69280 11744.58706 11839.78556 11930.98669 12017.90918 12100.29322 12177.90128 12250.51866 12317.95363 12380.03730 12436.62304 12487.58566 12532.82015 12572.24014 12605.77605 12633.37295 12654.98822 12670.58899 12680.14958 12683.64882
9214.67477 9169.73683 9136.63910 9115.20084 9105.14413 9106.10701 9117.65783 9139.30983 9170.53557 9210.78026 9259.47382 9316.04114 9379.91057 9450.52032 9527.32315 9609.78924 9697.40756 9789.68601 9886.15055 9986.34359 10089.82195 10196.15449 10304.91980 10415.70397 10528.09867 10641.69954 10756.10515 10870.91631 10985.73600 11100.16969 11213.82618 11326.31875 11437.26672 11546.29715 11653.04676 11757.16387 11858.31036 11956.16350 12050.41762 12140.78554 12226.99976 12308.81330 12386.00018 12458.35562 12525.69580 12587.85730 12644.69619 12696.08679 12741.92013 12782.10214 12816.55161 12845.19797 12867.97895 12884.83816 12895.72273 12900.58099
9309.92095 9280.26490 9261.54128 9253.51221 9255.85989 9268.19982 9290.09448 9321.06692 9360.61339 9408.21483 9463.34678 9525.48743 9594.12393 9668.75688 9748.90310 9834.09695 9923.89044 10017.85223 10115.56601 10216.62832 10320.64609 10427.23418 10536.01300 10646.60643 10758.64006 10871.73995 10985.53186 11099.64100 11213.69228 11327.31113 11440.12456 11551.76278 11661.86097 11770.06126 11876.01481 11979.38394 12079.84407 12177.08560 12270.81550 12360.75864 12446.65874 12528.27901 12605.40239 12677.83138 12745.38749 12807.91037 12865.25659 12917.29803 12963.92018 13005.02005 13040.50404 13070.28563 13094.28314 13112.41738 13124.60957 13130.77930
9407.37346 9392.58566 9387.82062 9392.79550 9407.16397 9430.52905 9462.45590 9502.48396 9550.13799 9604.93758 9666.40503 9734.07150 9807.48138 9886.19498 9969.78982 10057.86064 10150.01834 10245.88816 10345.10744 10447.32290 10552.18800 10659.36030 10768.49910 10879.26349 10991.31077 11104.29548 11217.86894 11331.67929 11445.37214 11558.59164 11670.98191 11782.18893 11891.86252 11999.65857 12105.24125 12208.28525 12308.47774 12405.52030 12499.13040 12589.04263 12675.00952 12756.80197 12834.20925 12907.03856 12975.11430 13038.27682 13096.38100 13149.29445 13196.89549 13239.07104 13275.71434 13306.72266 13331.99507 13351.43031 13364.92490 13372.37143
9506.18161 9505.76537 9514.47202 9531.98526 9557.94052 9591.93717 9633.55015 9682.34060 9737.86522 9799.68393 9867.36602 9940.49439 10018.66833 10101.50477 10188.63820 10279.71959 10374.41445 10472.40035 10573.36408 10676.99865 10783.00042 10891.06637 11000.89182 11112.16850 11224.58325 11337.81722 11451.54565 11565.43828 11679.16015 11792.37304 11904.73713 12015.91309 12125.56429 12233.35918 12338.97363 12442.09319 12542.41518 12639.65051 12733.52516 12823.78132 12910.17805 12992.49155 13070.51501 13144.05795 13212.94525 13277.01577 13336.12064 13390.12137 13438.88765 13482.29516 13520.22326 13552.55272 13579.16358 13599.93320 13614.73457 13623.43495
9605.39522 9618.78594 9640.42073 9669.96023 9707.03074 9751.23546 9802.16478 9859.40550 9922.54843 9991.19449 10064.95911 10143.47503 10226.39357 10313.38467 10404.13574 10498.34967 10595.74218 10696.03879 10798.97156 10904.27589 11011.68740 11120.93929 11231.75997 11343.87137 11456.98767 11570.81479 11685.05037 11799.38434 11913.50006 12027.07586 12139.78702 12251.30791 12361.31446 12469.48660 12575.51069 12679.08183 12779.90598 12877.70175 12972.20184 13063.15404 13150.32188 13233.48470 13312.43737 13386.98951 13456.96432 13522.19708 13582.53330 13637.82670 13687.93699 13732.72758 13772.06328 13805.80814 13833.82339 13855.96569 13872.08565 13882.02678
9703.99356 9730.57407 9764.55110 9805.57153 9853.26027 9907.23039 9967.09212 10032.46051 10102.96159 10178.23690 10257.94646 10341.77022 10429.40820 10520.57941 10615.01990 10712.48000 10812.72114 10915.51241 11020.62696 11127.83862 11236.91876 11347.63352 11459.74162 11572.99265 11687.12606 11801.87070 11916.94506 12032.05799 12146.91001 12261.19504 12374.60248 12486.81958 12597.53387 12706.43580 12813.22115 12917.59340 13019.26584 13117.96328 13213.42353 13305.39826 13393.65359 13477.97005 13558.14222 13633.97778 13705.29633 13771.92770 13833.71010 13890.48799 13942.10985 13988.42593 14029.28596 14064.53712 14094.02208 14117.57748 14135.03268 14146.20897
9800.91564 9840.03096 9885.73561 9937.67064 9995.46595 10058.74920 10127.15351 10200.32369 10277.92104 10359.62652 10445.14249 10534.19304 10626.52311 10721.89663 10820.09380 10920.90784 11024.14139 11129.60266 11237.10174 11346.44704 11457.44210 11569.88286 11683.55549 11798.23484 11913.68348 12029.65143 12145.87650 12262.08516 12377.99402 12493.31161 12607.74061 12720.98026 12832.72892 12942.68665 13050.55772 13156.05296 13258.89179 13358.80399 13455.53102 13548.82694 13638.45880 13724.20664 13805.86298 13883.23186 13956.12754 14024.37281 14087.79711 14146.23437 14199.52084 14247.49284 14289.98463 14326.82644 14357.84275 14382.85088 14401.66005 14414.07082
9895.09052 9946.06167 10002.86293 10065.13613 10132.52120 10204.66382 10281.22190 10361.87051 10446.30541 10534.24512 10625.43154 10719.62939 10816.62454 10916.22145 11018.23995 11122.51157 11228.87558 11337.17499 11447.25270 11558.94785 11672.09268 11786.50978 11902.01001 12018.39104 12135.43648 12252.91572 12370.58440 12488.18536 12605.45016 12722.10104 12837.85311 12952.41682 13065.50058 13176.81330 13286.06690 13392.97861 13497.27302 13598.68375 13696.95473 13791.84106 13883.10937 13970.53775 14053.91517 14133.04055 14207.72138 14277.77210 14343.01214 14403.26389 14458.35054 14508.09396 14552.31267 14590.82006 14623.42279 14649.91965 14670.10082 14683.74760
9985.46643 10047.60292 10114.86428 10186.89850 10263.35931 10343.91272 10428.24229 10516.05298 10607.07354 10701.05758 10797.78338 10897.05251 10998.68758 11102.52914 11208.43207 11316.26162 11425.88922 11537.18838 11650.03076 11764.28249 11879.80106 11996.43263 12114.01002 12232.35130 12351.25906 12470.52031 12589.90698 12709.17699 12828.07583 12946.33846 13063.69161 13179.85623 13294.55002 13407.49003 13518.39509 13626.98807 13732.99783 13836.16089 13936.22266 14032.93817 14126.07249 14215.40055 14300.70659 14381.78319 14458.42996 14530.45186 14597.65741 14659.85668 14716.85923 14768.47215 14814.49815 14854.73397 14888.96900 14916.98432 14938.55223 14953.43620
10071.03791 10143.64849 10220.73726 10301.96242 10386.99415 10475.52009 10567.24953 10661.91618 10759.27975 10859.12612 10961.26646 11065.53526 11171.78758 11279.89560 11389.74471 11501.22936 11614.24879 11728.70280 11844.48783 11961.49336 12079.59877 12198.67076 12318.56141 12439.10684 12560.12657 12681.42341 12802.78412 12923.98042 13044.77058 13164.90141 13284.11041 13402.12829 13518.68138 13633.49421 13746.29184 13856.80207 13964.75734 14069.89629 14171.96493 14270.71739 14365.91622 14457.33227 14544.74410 14627.93703 14706.70190 14780.83345 14850.12861 14914.38461 14973.39707 15026.95815 15074.85492 15116.86782 15152.76962 15182.32461 15205.28839 15221.40802
10150.87002 10233.27187 10319.56670 10409.42592 10502.53787 10598.61223 10697.38334 10798.61207 10902.08661 11007.62200 11115.05865 11224.25995 11335.10913 11447.50558 11561.36078 11676.59399 11793.12796 11910.88473 12029.78171 12149.72815 12270.62206 12392.34775 12514.77391 12637.75239 12761.11755 12884.68631 13008.25868 13131.61889 13254.53692 13376.77044 13498.06693 13618.16610 13736.80228 13853.70683 13968.61047 14081.24531 14191.34673 14298.65486 14402.91567 14503.88167 14601.31223 14694.97337 14784.63730 14870.08144 14951.08726 15027.43878 15098.92095 15165.31791 15226.41127 15281.97839 15331.79097 15375.61375 15413.20361 15444.30910 15468.67032 15486.01941
10224.11932 10315.64532 10410.54213 10508.49639 10609.21539 10712.43066 10817.90034 10925.41043 11034.77487 11145.83456 11258.45544 11372.52579 11487.95279 11604.65877 11722.57694 11841.64718 11961.81164 12083.01070 12205.17906 12328.24229 12452.11391 12576.69294 12701.86213 12827.48676 12953.41404 13079.47319 13205.47599 13331.21785 13456.47934 13581.02800 13704.62047 13827.00473 13947.92244 14067.11122 14184.30685 14299.24526 14411.66425 14521.30491 14627.91264 14731.23786 14831.03620 14927.06844 15019.09995 15106.89987 15190.23996 15268.89330 15342.63275 15411.22938 15474.45091 15532.06027 15583.81432 15629.46278 15668.74760 15701.40265 15727.15386 15745.71992
10290.05101 10390.05540 10492.97168 10598.50293 10706.37557 10816.34211 10928.18293 11041.70681 11156.75054 11273.17754 11390.87557 11509.75384 11629.73945 11750.77347 11872.80679 11995.79582 12119.69824 12244.46903 12370.05665 12496.39975 12623.42430 12751.04131 12879.14506 13007.61202 13136.30029 13265.04963 13393.68205 13522.00284 13649.80197 13776.85590 13902.92954 14027.77841 14151.15084 14272.79014 14392.43663 14509.82958 14624.70876 14736.81581 14845.89521 14951.69490 15053.96650 15152.46523 15246.94942 15337.17976 15422.91826 15503.92706 15579.96703 15650.79645 15716.16959 15775.83547 15829.53681 15877.00922 15917.98075 15952.17181 15979.29554 15999.05868
10348.05221 10455.91460 10566.29229 10678.90534 10793.49889 10909.84526 11027.74511 11147.02754 11267.54923 11389.19274 11511.86406 11635.48955 11760.01230 11885.38823 12011.58198 12138.56269 12266.29990 12394.75966 12523.90087 12653.67216 12784.00907 12914.83194 13046.04418 13177.53130 13309.16030 13440.77979 13572.22048 13703.29617 13833.80511 13963.53163 14092.24806 14219.71668 14345.69182 14469.92190 14592.15132 14712.12222 14829.57598 14944.25450 15055.90104 15164.26086 15269.08142 15370.11228 15467.10473 15559.81106 15647.98367 15731.37402 15809.73139 15882.80172 15950.32644 16012.04144 16067.67620 16116.95325 16159.58791 16195.28845 16223.75666 16244.68886
10397.64127 10512.76914 10630.07618 10749.29941 10870.20185 10992.57416 11116.23521 11241.03181 11366.83757 11493.55098 11621.09278 11749.40286 11878.43664 12008.16120 12138.55130 12269.58525 12401.24100 12533.49239 12666.30567 12799.63648 12933.42725 13067.60512 13202.08035 13336.74536 13471.47420 13606.12260 13740.52847 13874.51279 14007.88088 14140.42393 14271.92076 14402.13965 14530.84028 14657.77557 14782.69352 14905.33876 15025.45397 15142.78102 15257.06183 15368.03887 15475.45542 15579.05549 15678.58344 15773.78344 15864.39864 15950.17026 16030.83658 16106.13190 16175.78563 16239.52144 16297.05666 16348.10191 16392.36110 16429.53175 16459.30577 16481.37068
10438.47303 10560.30301 10684.03380 10809.41888 10936.23810 11064.29872 11193.43566 11323.51091 11454.41213 11586.05061 11718.35858 11851.28609 11984.79747 12118.86758 12253.47788 12388.61261 12524.25496 12660.38351 12796.96896 12933.97128 13071.33722 13208.99835 13346.86961 13484.84833 13622.81376 13760.62712 13898.13202 14035.15529 14171.50814 14306.98756 14441.37794 14574.45276 14705.97636 14835.70561 14963.39162 15088.78113 15211.61784 15331.64345 15448.59840 15562.22240 15672.25467 15778.43383 15880.49769 15978.18269 16071.22326 16159.35103 16242.29401 16319.77578 16391.51468 16457.22330 16516.60799 16569.36880 16615.19959 16653.78865 16684.81957 16707.97260
10470.34043 10598.33843 10728.01326 10859.13414 10991.49638 11124.92208 11259.26005 11394.38493 11530.19572 11666.61357 11803.57918 11941.04967 12078.99512 12217.39505 12356.23460 12495.50092 12635.17953 12775.25100 12915.68785 13056.45185 13197.49172 13338.74128 13480.11806 13621.52243 13762.83710 13903.92718 14044.64052 14184.80847 14324.24695 14462.75772 14600.12980 14736.14105 14870.55977 15003.14621 15133.65412 15261.83199 15387.42431 15510.17243 15629.81533 15746.09006 15858.73194 15967.47457 16072.04962 16172.18637 16267.61119 16358.04695 16443.21230 16522.82108 16596.58175 16664.19701 16725.36359 16779.77236 16827.10866 16867.05304 16899.28235 16923.47125
10493.17243 10626.83289 10761.99672 10898.44789 11035.99576 11174.47547 11313.74755 11453.69695 11594.23142 11735.27934 11876.78706 12018.71593 12161.03902 12303.73765 12446.79790 12590.20715 12733.95066 12878.00848 13022.35255 13166.94418 13311.73189 13456.64973 13601.61595 13746.53214 13891.28284 14035.73551 14179.74084 14323.13342 14465.73272 14607.34418 14747.76055 14886.76325 15024.12384 15159.60537 15292.96374 15423.94887 15552.30580 15677.77545 15800.09536 15919.00005 16034.22126 16145.48798 16252.52626 16355.05889 16452.80500 16545.47960 16632.79302 16714.45052 16790.15190 16859.59133 16922.45736 16978.43314 17027.19703 17068.42345 17101.78414 17126.94974
10507.02882 10645.87318 10786.09373 10927.48811 11069.87823 11213.11046 11357.05505 11501.60506 11646.67464 11792.19692 11938.12144 12084.41126 12231.03990 12377.98804 12525.24025 12672.78174 12820.59524 12968.65805 13116.93939 13265.39808 13413.98054 13562.61916 13711.23116 13859.71775 14007.96374 14155.83747 14303.19115 14449.86138 14595.67002 14740.42518 14883.92238 15025.94581 15166.26958 15304.65894 15440.87151 15574.65829 15705.76466 15833.93104 15958.89359 16080.38452 16198.13231 16311.86182 16421.29411 16526.14624 16626.13098 16720.95648 16810.32589 16893.93711 16971.48263 17042.64950 17107.11956 17164.56981 17214.67322 17257.09967 17291.51740 17317.59463
10512.09211 10655.66672 10800.53221 10946.49864 11093.39903 11241.08925 11389.44741 11538.37260 11687.78329 11837.61518 11987.81879 12138.35670 12289.20067 12440.32858 12591.72138 12743.36007 12895.22281 13047.28224 13199.50302 13351.83966 13504.23475 13656.61741 13808.90224 13960.98856 14112.76002 14264.08455 14414.81456 14564.78748 14713.82647 14861.74131 15008.32940 15153.37686 15296.65967 15437.94472 15576.99087 15713.54989 15847.36727 15978.18293 16105.73170 16229.74372 16349.94462 16466.05562 16577.79348 16684.87034 16786.99356 16883.86550 16975.18330 17060.63882 17139.91860 17212.70406 17278.67183 17337.49436 17388.84077 17432.37808 17467.77256 17494.69162
10508.65695 10656.53066 10805.64719 10955.82782 11106.91522 11258.77319 11411.28592 11564.35678 11717.90664 11871.87188 12026.20209 12180.85747 12335.80615 12491.02138 12646.47868 12802.15310 12958.01655 13114.03534 13270.16798 13426.36315 13582.55808 13738.67719 13894.63106 14050.31580 14205.61259 14360.38769 14514.49258 14667.76438 14820.02653 14971.08948 15120.75166 15268.80036 15415.01271 15559.15668 15700.99193 15840.27067 15976.73836 16110.13432 16240.19220 16366.64030 16489.20180 16607.59487 16721.53264 16830.72320 16934.86946 17033.66908 17126.81445 17213.99268 17294.88579 17369.17103 17436.52136 17496.60622 17549.09253 17593.64595 17629.93241 17657.62001
10497.11764 10648.87907 10801.86792 10955.91548 11110.87271 11266.60986 11423.01569 11579.99618 11737.47302 11895.38165 12053.66908 12212.29157 12371.21206 12530.39763 12689.81690 12849.43751 13009.22375 13169.13423 13329.11996 13489.12250 13649.07246 13808.88830 13968.47542 14127.72548 14286.51608 14444.71068 14602.15874 14758.69608 14914.14542 15068.31700 15221.00941 15372.01036 15521.09751 15668.03934 15812.59589 15954.51948 16093.55538 16229.44229 16361.91276 16490.69355 16615.50580 16736.06517 16852.08192 16963.26089 17069.30155 17169.89801 17264.73908 17353.50847 17435.88507 17511.54342 17580.15433 17641.38578 17694.90401 17740.37487 17777.46547 17805.84601
10477.95416 10633.20890 10789.70377 10947.27891 11105.79232 11265.11938 11425.15201 11585.79748 11746.97689 11908.62337 12070.68006 12233.09795 12395.83354 12558.84653 12722.09747 12885.54545 13049.14599 13212.84894 13376.59673 13540.32275 13703.94995 13867.38982 14030.54150 14193.29123 14355.51201 14517.06354 14677.79229 14837.53183 14996.10327 15153.31582 15308.96745 15462.84556 15614.72775 15764.38246 15911.56970 16056.04165 16197.54318 16335.81234 16470.58075 16601.57386 16728.51118 16851.10644 16969.06771 17082.09747 17189.89270 17292.14504 17388.54095 17478.76202 17562.48537 17639.38427 17709.12885 17771.38711 17825.82609 17872.11331 17909.91846 17938.91528
