博士研究小助手/数据目录/全球地球物理模型系数/地磁模型3阶_13阶_T.grd
DSAA
361	179
-180.00000	180.00000
-89.00000	89.00000
426.19584	15397.16715
[rows 0 to 24 of 179, columns 168 to 223 of 361]
7937.74838 7939.44367 7941.10074 7942.71888 7944.29740 7945.83562 7947.33288 7948.78854 7950.20196 7951.57255 7952.89970 7954.18283 7955.42138 7956.61482 7957.76262 7958.86428 7959.91932 7960.92726 7961.88766 7962.80011 7963.66419 7964.47953 7965.24576 7965.96254 7966.62956 7967.24652 7967.81313 7968.32916 7968.79438 7969.20856 7969.57154 7969.88314 7970.14324 7970.35171 7970.50847 7970.61344 7970.66658 7970.66787 7970.61731 7970.51492 7970.36075 7970.15488 7969.89739 7969.58841 7969.22807 7968.81655 7968.35402 7967.84069 7967.27681 7966.66261 7965.99839 7965.28443 7964.52106 7963.70863 7962.84748 7961.93802
8067.88243 8071.71772 8075.47145 8079.14165 8082.72639 8086.22379 8089.63199 8092.94919 8096.17361 8099.30353 8102.33727 8105.27319 8108.10972 8110.84532 8113.47849 8116.00781 8118.43189 8120.74941 8122.95910 8125.05974 8127.05018 8128.92932 8130.69612 8132.34960 8133.88885 8135.31301 8136.62130 8137.81299 8138.88741 8139.84397 8140.68213 8141.40144 8142.00150 8142.48197 8142.84258 8143.08315 8143.20354 8143.20369 8143.08362 8142.84338 8142.48313 8142.00307 8141.40349 8140.68472 8139.84718 8138.89134 8137.81776 8136.62703 8135.31984 8133.89693 8132.35909 8130.70719 8128.94216 8127.06500 8125.07675 8122.97851
8207.50695 8213.92969 8220.22262 8226.38194 8232.40395 8238.28498 8244.02145 8249.60985 8255.04674 8260.32877 8265.45266 8270.41523 8275.21338 8279.84412 8284.30453 8288.59181 8292.70325 8296.63624 8300.38829 8303.95702 8307.34015 8310.53551 8313.54105 8316.35487 8318.97513 8321.40017 8323.62841 8325.65842 8327.48889 8329.11864 8330.54661 8331.77189 8332.79368 8333.61133 8334.22431 8334.63222 8334.83482 8334.83198 8334.62370 8334.21014 8333.59158 8332.76842 8331.74123 8330.51068 8329.07758 8327.44289 8325.60767 8323.57314 8321.34064 8318.91162 8316.28768 8313.47053 8310.46200 8307.26406 8303.87877 8300.30834
8356.16314 8365.61385 8374.88188 8383.96104 8392.84527 8401.52859 8410.00513 8418.26916 8426.31504 8434.13726 8441.73046 8449.08940 8456.20898 8463.08427 8469.71047 8476.08295 8482.19724 8488.04904 8493.63423 8498.94885 8503.98914 8508.75151 8513.23257 8517.42912 8521.33816 8524.95688 8528.28268 8531.31318 8534.04618 8536.47972 8538.61204 8540.44160 8541.96707 8543.18734 8544.10153 8544.70899 8545.00926 8545.00214 8544.68763 8544.06596 8543.13759 8541.90320 8540.36368 8538.52017 8536.37400 8533.92675 8531.18020 8528.13634 8524.79739 8521.16578 8517.24414 8513.03532 8508.54235 8503.76850 8498.71719 8493.39207
8513.23003 8526.13351 8538.79714 8551.21180 8563.36855 8575.25854 8586.87311 8598.20375 8609.24212 8619.98006 8630.40960 8640.52296 8650.31259 8659.77112 8668.89143 8677.66662 8686.09002 8694.15522 8701.85606 8709.18664 8716.14132 8722.71474 8728.90181 8734.69775 8740.09804 8745.09847 8749.69515 8753.88446 8757.66312 8761.02816 8763.97691 8766.50704 8768.61655 8770.30374 8771.56728 8772.40613 8772.81961 8772.80737 8772.36940 8771.50601 8770.21785 8768.50593 8766.37156 8763.81640 8760.84246 8757.45204 8753.64781 8749.43274 8744.81012 8739.78358 8734.35705 8728.53477 8722.32130 8715.72149 8708.74049 8701.38373
8677.94168 8694.69930 8711.15602 8727.29929 8743.11675 8758.59621 8773.72568 8788.49339 8802.88781 8816.89762 8830.51179 8843.71953 8856.51033 8868.87399 8880.80059 8892.28053 8903.30454 8913.86368 8923.94936 8933.55334 8942.66776 8951.28511 8959.39829 8967.00058 8974.08567 8980.64765 8986.68104 8992.18076 8997.14220 9001.56114 9005.43384 9008.75699 9011.52774 9013.74369 9015.40289 9016.50388 9017.04565 9017.02764 9016.44980 9015.31251 9013.61665 9011.36354 9008.55501 9005.19332 9001.28121 8996.82190 8991.81904 8986.27676 8980.19964 8973.59270 8966.46141 8958.81168 8950.64984 8941.98266 8932.81731 8923.16138
8849.40567 8870.38899 8891.00700 8911.24323 8931.08142 8950.50556 8969.49986 8988.04883 9006.13727 9023.75026 9040.87323 9057.49195 9073.59252 9089.16146 9104.18563 9118.65233 9132.54926 9145.86458 9158.58687 9170.70519 9182.20908 9193.08857 9203.33419 9212.93698 9221.88851 9230.18089 9237.80679 9244.75942 9251.03256 9256.62057 9261.51841 9265.72160 9269.22628 9272.02918 9274.12766 9275.51968 9276.20382 9276.17928 9275.44587 9274.00407 9271.85493 9269.00017 9265.44210 9261.18370 9256.22852 9250.58077 9244.24526 9237.22741 9229.53325 9221.16941 9212.14311 9202.46217 9192.13496 9181.17044 9169.57813 9157.36809
9026.62198 9052.16778 9077.28109 9101.94108 9126.12716 9149.81901 9172.99666 9195.64044 9217.73103 9239.24951 9260.17733 9280.49639 9300.18901 9319.23798 9337.62658 9355.33858 9372.35829 9388.67056 9404.26079 9419.11499 9433.21975 9446.56227 9459.13040 9470.91263 9481.89813 9492.07673 9501.43897 9509.97608 9517.68003 9524.54352 9530.55997 9535.72358 9540.02929 9543.47283 9546.05069 9547.76016 9548.59931 9548.56701 9547.66292 9545.88750 9543.24203 9539.72859 9535.35004 9530.11006 9524.01314 9517.06456 9509.27037 9500.63744 9491.17341 9480.88669 9469.78644 9457.88262 9445.18589 9431.70767 9417.46010 9402.45601
9208.50146 9238.90818 9268.81316 9298.19077 9327.01569 9355.26296 9382.90794 9409.92640 9436.29454 9461.98898 9486.98684 9511.26572 9534.80377 9557.57969 9579.57277 9600.76288 9621.13057 9640.65701 9659.32409 9677.11437 9694.01118 9709.99857 9725.06139 9739.18527 9752.35665 9764.56284 9775.79196 9786.03303 9795.27594 9803.51150 9810.73141 9816.92832 9822.09583 9826.22847 9829.32175 9831.37215 9832.37713 9832.33513 9831.24559 9829.10895 9825.92664 9821.70109 9816.43575 9810.13505 9802.80443 9794.45032 9785.08014 9774.70231 9763.32620 9750.96218 9737.62154 9723.31656 9708.06043 9691.86727 9674.75209 9656.73081
9393.88343 9429.40892 9464.36207 9498.71215 9532.42874 9565.48180 9597.84173 9629.47934 9660.36595 9690.47339 9719.77403 9748.24084 9775.84741 9802.56798 9828.37747 9853.25152 9877.16653 9900.09968 9922.02895 9942.93316 9962.79202 9981.58613 9999.29699 10015.90710 10031.39989 10045.75983 10058.97238 10071.02408 10081.90250 10091.59633 10100.09536 10107.39048 10113.47374 10118.33835 10121.97867 10124.39023 10125.56978 10125.51524 10124.22576 10121.70166 10117.94453 10112.95713 10106.74347 10099.30877 10090.65947 10080.80320 10069.74884 10057.50645 10044.08728 10029.50378 10013.76955 9996.89936 9978.90915 9959.81594 9939.63790 9918.39427
9581.55199 9622.41243 9662.62949 9702.16694 9740.98897 9779.06015 9816.34552 9852.81063 9888.42156 9923.14499 9956.94820 9989.79917 10021.66657 10052.51983 10082.32916 10111.06561 10138.70110 10165.20844 10190.56140 10214.73473 10237.70417 10259.44656 10279.93978 10299.16284 10317.09592 10333.72033 10349.01864 10362.97462 10375.57332 10386.80106 10396.64548 10405.09555 10412.14158 10417.77526 10421.98967 10424.77927 10426.13996 10426.06906 10424.56531 10421.62891 10417.26150 10411.46619 10404.24753 10395.61153 10385.56567 10374.11886 10361.28148 10347.06534 10331.48366 10314.55112 10296.28377 10276.69907 10255.81584 10233.65428 10210.23590 10185.58352
9770.25106 9816.62096 9862.27683 9907.17672 9951.27906 9994.54275 10036.92716 10078.39224 10118.89850 10158.40714 10196.88004 10234.27982 10270.56990 10305.71458 10339.67900 10372.42927 10403.93251 10434.15683 10463.07145 10490.64671 10516.85412 10541.66637 10565.05745 10587.00261 10607.47842 10626.46284 10643.93521 10659.87633 10674.26843 10687.09528 10698.34214 10707.99584 10716.04478 10722.47898 10727.29005 10730.47127 10732.01756 10731.92551 10730.19342 10726.82125 10721.81069 10715.16514 10706.88968 10696.99114 10685.47805 10672.36064 10657.65086 10641.36235 10623.51044 10604.11211 10583.18603 10560.75250 10536.83342 10511.45233 10484.63430 10456.40599
9958.69798 10010.71097 10061.94065 10112.33905 10161.85860 10210.45219 10258.07326 10304.67583 10350.21456 10394.64484 10437.92280 10480.00541 10520.85051 10560.41691 10598.66437 10635.55374 10671.04698 10705.10719 10737.69872 10768.78716 10798.33946 10826.32391 10852.71024 10877.46965 10900.57487 10922.00017 10941.72145 10959.71622 10975.96371 10990.44485 11003.14235 11014.04068 11023.12616 11030.38693 11035.81302 11039.39635 11041.13077 11041.01205 11039.03792 11035.20807 11029.52417 11021.98986 11012.61079 11001.39458 10988.35084 10973.49117 10956.82915 10938.38034 10918.16224 10896.19430 10872.49790 10847.09634 10820.01480 10791.28030 10760.92171 10728.96972
10145.59594 10203.34631 10260.24638 10316.24192 10371.27907 10425.30448 10478.26535 10530.10949 10580.78542 10630.24239 10678.43050 10725.30072 10770.80502 10814.89637 10857.52886 10898.65771 10938.23942 10976.23175 11012.59385 11047.28625 11080.27102 11111.51173 11140.97357 11168.62340 11194.42977 11218.36304 11240.39535 11260.50072 11278.65510 11294.83638 11309.02447 11321.20131 11331.35090 11339.45940 11345.51505 11349.50832 11351.43183 11351.28043 11349.05122 11344.74353 11338.35897 11329.90143 11319.37705 11306.79427 11292.16383 11275.49873 11256.81424 11236.12790 11213.45950 11188.83106 11162.26683 11133.79323 11103.43886 11071.23445 11037.21284 11001.40896
10329.64538 10393.19008 10455.82072 10517.47654 10578.09717 10637.62276 10695.99400 10753.15222 10809.03948 10863.59864 10916.77342 10968.50854 11018.74972 11067.44382 11114.53890 11159.98427 11203.73062 11245.73005 11285.93618 11324.30420 11360.79093 11395.35496 11427.95661 11458.55810 11487.12355 11513.61908 11538.01285 11560.27511 11580.37828 11598.29699 11614.00813 11627.49090 11638.72684 11647.69990 11654.39643 11658.80525 11660.91769 11660.72757 11658.23126 11653.42769 11646.31834 11636.90731 11625.20127 11611.20947 11594.94380 11576.41869 11555.65118 11532.66089 11507.46999 11480.10317 11450.58767 11418.95320 11385.23193 11349.45847 11311.66983 11271.90536
10509.55461 10578.91563 10647.30291 10714.64896 10780.88668 10845.94946 10909.77121 10972.28653 11033.43074 11093.14000 11151.35140 11208.00306 11263.03417 11316.38516 11367.99773 11417.81498 11465.78147 11511.84331 11555.94828 11598.04588 11638.08744 11676.02617 11711.81728 11745.41803 11776.78783 11805.88829 11832.68329 11857.13908 11879.22431 11898.91012 11916.17016 11930.98069 11943.32059 11953.17145 11960.51757 11965.34602 11967.64668 11967.41225 11964.63831 11959.32331 11951.46859 11941.07842 11928.15998 11912.72338 11894.78165 11874.35075 11851.44954 11826.09979 11798.32614 11768.15611 11735.62003 11700.75104 11663.58508 11624.16078 11582.51951 11538.70525
10684.04978 10759.21670 10833.35513 10906.39065 10978.24919 11048.85714 11118.14141 11186.02959 11252.44999 11317.33182 11380.60522 11442.20141 11502.05278 11560.09300 11616.25712 11670.48169 11722.70483 11772.86635 11820.90787 11866.77289 11910.40690 11951.75749 11990.77441 12027.40969 12061.61771 12093.35531 12122.58184 12149.25927 12173.35226 12194.82819 12213.65730 12229.81268 12243.27039 12254.00948 12262.01205 12267.26329 12269.75152 12269.46825 12266.40817 12260.56920 12251.95250 12240.56251 12226.40692 12209.49670 12189.84610 12167.47262 12142.39703 12114.64335 12084.23881 12051.21384 12015.60203 11977.44011 11936.76791 11893.62829 11848.06713 11800.13327
10851.88449 10932.81719 11012.67233 11091.36835 11168.82402 11244.95849 11319.69146 11392.94323 11464.63488 11534.68837 11603.02661 11669.57367 11734.25482 11796.99667 11857.72733 11916.37646 11972.87545 12027.15751 12079.15776 12128.81341 12176.06380 12220.85056 12263.11770 12302.81173 12339.88172 12374.27945 12405.95948 12434.87925 12460.99915 12484.28262 12504.69624 12522.20976 12536.79622 12548.43198 12557.09677 12562.77380 12565.44972 12565.11473 12561.76259 12555.39064 12545.99983 12533.59475 12518.18361 12499.77827 12478.39424 12454.05064 12426.77024 12396.57938 12363.50800 12327.58958 12288.86111 12247.36305 12203.13929 12156.23710 12106.70708 12054.60308
11011.84922 11098.48054 11183.99155 11268.29341 11351.29750 11432.91556 11513.05981 11591.64308 11668.57894 11743.78185 11817.16725 11888.65175 11958.15322 12025.59095 12090.88577 12153.96020 12214.73857 12273.14715 12329.11431 12382.57062 12433.44898 12481.68476 12527.21594 12569.98319 12609.93000 12647.00281 12681.15113 12712.32759 12740.48811 12765.59193 12787.60176 12806.48382 12822.20794 12834.74763 12844.08013 12850.18650 12853.05165 12852.66439 12849.01746 12842.10758 12831.93548 12818.50589 12801.82755 12781.91327 12758.77984 12732.44810 12702.94288 12670.29298 12634.53114 12595.69405 12553.82222 12508.96002 12461.15558 12410.46074 12356.93101 12300.62548
11162.78059 11255.01889 11346.10105 11435.93077 11524.41189 11611.44852 11696.94522 11780.80711 11862.94004 11943.25073 12021.64689 12098.03742 12172.33252 12244.44387 12314.28477 12381.77026 12446.81734 12509.34507 12569.27472 12626.52993 12681.03687 12732.72436 12781.52402 12827.37041 12870.20116 12909.95710 12946.58239 12980.02464 13010.23501 13037.16834 13060.78326 13081.04225 13097.91176 13111.36228 13121.36842 13127.90899 13130.96701 13130.52984 13126.58916 13119.14102 13108.18590 13093.72866 13075.77864 13054.34958 13029.45967 13001.13151 12969.39210 12934.27281 12895.80933 12854.04166 12809.01404 12760.77487 12709.37672 12654.87620 12597.33389 12536.81432
11303.57060 11401.30222 11497.84926 11593.10780 11686.97398 11779.34415 11870.11500 11959.18376 12046.44836 12131.80753 12215.16104 12296.40985 12375.45623 12452.20398 12526.55859 12598.42739 12667.71973 12734.34715 12798.22356 12859.26539 12917.39176 12972.52463 13024.58900 13073.51303 13119.22818 13161.66940 13200.77526 13236.48807 13268.75401 13297.52329 13322.75021 13344.39335 13362.41557 13376.78421 13387.47109 13394.45262 13397.70990 13397.22871 13392.99961 13385.01797 13373.28397 13357.80266 13338.58394 13315.64259 13288.99824 13258.67533 13224.70315 13187.11575 13145.95191 13101.25511 13053.07344 13001.45956 12946.47062 12888.16819 12826.61816 12761.89067
11433.17589 11536.26737 11638.15357 11738.72286 11837.86355 11935.46405 12031.41308 12125.59979 12217.91399 12308.24627 12396.48824 12482.53268 12566.27371 12647.60703 12726.43004 12802.64210 12876.14465 12946.84146 13014.63876 13079.44549 13141.17343 13199.73743 13255.05553 13307.04922 13355.64353 13400.76725 13442.35309 13480.33779 13514.66233 13545.27203 13572.11669 13595.15074 13614.33331 13629.62839 13641.00489 13648.43672 13651.90290 13651.38759 13646.88018 13638.37529 13625.87283 13609.37801 13588.90138 13564.45876 13536.07129 13503.76539 13467.57272 13427.53014 13383.67968 13336.06844 13284.74854 13229.77707 13171.21598 13109.13198 13043.59647 12974.68542
11550.62691 11658.92699 11766.00912 11871.75385 11976.04158 12078.75270 12179.76780 12278.96785 12376.23438 12471.44968 12564.49701 12655.26079 12743.62679 12829.48237 12912.71664 12993.22072 13070.88792 13145.61393 13217.29708 13285.83851 13351.14242 13413.11620 13471.67073 13526.72051 13578.18386 13625.98314 13670.04492 13710.30015 13746.68432 13779.13766 13807.60524 13832.03714 13852.38858 13868.62003 13880.69733 13888.59179 13892.28023 13891.74513 13886.97463 13877.96258 13864.70862 13847.21812 13825.50229 13799.57808 13769.46822 13735.20120 13696.81116 13654.33792 13607.82689 13557.32896 13502.90050 13444.60318 13382.50394 13316.67486 13247.19306 13174.14056
11655.03704 11768.37840 11880.49731 11991.26650 12100.55838 12208.24527 12314.19955 12418.29390 12520.40146 12620.39610 12718.15259 12813.54682 12906.45604 12996.75908 13084.33655 13169.07111 13250.84769 13329.55369 13405.07927 13477.31752 13546.16475 13611.52068 13673.28869 13731.37604 13785.69407 13836.15843 13882.68930 13925.21156 13963.65499 13997.95446 14028.05010 14053.88745 14075.41760 14092.59736 14105.38935 14113.76212 14117.69023 14117.15436 14112.14135 14102.64427 14088.66243 14070.20143 14047.27313 14019.89570 13988.09354 13951.89728 13911.34369 13866.47570 13817.34223 13763.99817 13706.50427 13644.92702 13579.33856 13509.81655 13436.44402 13359.30929
11745.61147 11863.81220 11980.79424 12096.42252 12210.56146 12323.07528 12433.82812 12542.68430 12649.50855 12754.16618 12856.52338 12956.44740 13053.80681 13148.47174 13240.31414 13329.20802 13415.02971 13497.65809 13576.97489 13652.86494 13725.21640 13793.92103 13858.87446 13919.97643 13977.13102 14030.24692 14079.23763 14124.02171 14164.52297 14200.67071 14232.39985 14259.65120 14282.37155 14300.51383 14314.03731 14322.90764 14327.09701 14326.58421 14321.35474 14311.40082 14296.72144 14277.32241 14253.21633 14224.42261 14190.96740 14152.88359 14110.21073 14062.99494 14011.28888 13955.15157 13894.64837 13829.85078 13760.83635 13687.68853 13610.49654 13529.35518
