博士研究小助手/数据目录/全球地球物理模型系数/地磁模型2阶_13阶_T.grd
DSAA
361	179
-180.00000	180.00000
-89.00000	89.00000
431.77733	23781.07858
[rows 150 to 174 of 179, columns 56 to 111 of 361]
2573.11085 2645.92635 2717.77398 2788.54744 2858.15044 2926.49562 2993.50364 3059.10243 3123.22654 3185.81666 3246.81912 3306.18556 3363.87263 3419.84182 3474.05922 3526.49547 3577.12569 3625.92947 3672.89089 3717.99858 3761.24585 3802.63078 3842.15640 3879.83085 3915.66755 3949.68542 3981.90903 4012.36883 4041.10132 4068.14917 4093.56142 4117.39352 4139.70743 4160.57165 4180.06113 4198.25724 4215.24758 4231.12575 4245.99104 4259.94808 4273.10631 4285.57952 4297.48512 4308.94353 4320.07729 4331.01028 4341.86676 4352.77038 4363.84319 4375.20458 4386.97022 4399.25096 4412.15188 4425.77122 4440.19944 4455.51842
2482.98378 2554.69397 2625.44600 2695.13992 2763.68565 2831.00195 2897.01549 2961.66012 3024.87623 3086.61021 3146.81406 3205.44498 3262.46513 3317.84141 3371.54528 3423.55265 3473.84381 3522.40342 3569.22050 3614.28846 3657.60520 3699.17317 3738.99950 3777.09611 3813.47986 3848.17267 3881.20169 3912.59938 3942.40370 3970.65816 3997.41192 4022.71984 4046.64249 4069.24615 4090.60270 4110.78953 4129.88933 4147.98987 4165.18369 4181.56772 4197.24286 4212.31343 4226.88664 4241.07191 4254.98018 4268.72316 4282.41250 4296.15894 4310.07145 4324.25630 4338.81619 4353.84932 4369.44855 4385.70053 4402.68494 4420.47376
2396.77511 2467.16829 2536.64413 2605.10697 2672.47115 2738.65987 2803.60429 2867.24275 2929.52011 2990.38727 3049.80066 3107.72195 3164.11771 3218.95921 3272.22224 3323.88697 3373.93787 3422.36369 3469.15740 3514.31621 3557.84164 3599.73952 3640.02010 3678.69813 3715.79293 3751.32848 3785.33354 3817.84169 3848.89142 3878.52622 3906.79454 3933.74984 3959.45057 3983.96009 4007.34655 4029.68279 4051.04611 4071.51802 4091.18395 4110.13290 4128.45699 4146.25106 4163.61207 4180.63856 4197.43004 4214.08631 4230.70673 4247.38954 4264.23106 4281.32498 4298.76153 4316.62680 4335.00196 4353.96262 4373.57814 4393.91108
2318.68499 2387.45913 2455.39428 2522.39640 2588.38173 2653.27566 2717.01176 2779.53095 2840.78081 2900.71505 2959.29306 3016.47946 3072.24386 3126.56057 3179.40843 3230.77064 3280.63466 3328.99210 3375.83874 3421.17445 3465.00321 3507.33313 3548.17647 3587.54971 3625.47354 3661.97295 3697.07726 3730.82015 3763.23970 3794.37837 3824.28302 3853.00486 3880.59940 3907.12633 3932.64942 3957.23636 3980.95851 4003.89070 4026.11092 4047.69995 4068.74105 4089.31945 4109.52195 4129.43636 4149.15098 4168.75404 4188.33305 4207.97421 4227.76179 4247.77745 4268.09965 4288.80301 4309.95771 4331.62896 4353.87644 4376.75387
2253.44041 2320.18407 2386.21112 2451.42577 2515.74311 2579.08792 2641.39357 2702.60118 2762.65883 2821.52104 2879.14816 2935.50601 2990.56552 3044.30243 3096.69708 3147.73420 3197.40278 3245.69596 3292.61093 3338.14889 3382.31501 3425.11841 3466.57210 3506.69307 3545.50220 3583.02432 3619.28820 3654.32651 3688.17585 3720.87669 3752.47333 3783.01383 3812.54993 3841.13691 3868.83348 3895.70156 3921.80610 3947.21483 3971.99798 3996.22796 4019.97901 4043.32682 4066.34813 4089.12024 4111.72061 4134.22630 4156.71349 4179.25695 4201.92955 4224.80167 4247.94073 4271.41068 4295.27149 4319.57876 4344.38323 4369.73047
2206.05565 2270.24569 2333.88948 2396.88600 2459.14597 2520.59048 2581.14986 2640.76277 2699.37532 2756.94045 2813.41735 2868.77095 2922.97154 2975.99445 3027.81973 3078.43195 3127.82002 3175.97701 3222.90002 3268.59010 3313.05218 3356.29497 3398.33092 3439.17619 3478.85059 3517.37756 3554.78412 3591.10080 3626.36165 3660.60411 3693.86896 3726.20023 3757.64507 3788.25363 3818.07890 3847.17651 3875.60455 3903.42331 3930.69503 3957.48361 3983.85431 4009.87336 4035.60766 4061.12436 4086.49048 4111.77246 4137.03577 4162.34446 4187.76074 4213.34454 4239.15308 4265.24051 4291.65748 4318.45080 4345.66312 4373.33264
2181.41699 2242.44575 2303.14448 2363.40432 2423.12893 2482.23312 2540.64166 2598.28825 2655.11467 2711.07004 2766.11017 2820.19703 2873.29827 2925.38688 2976.44081 3026.44270 3075.37964 3123.24298 3170.02817 3215.73455 3260.36531 3303.92732 3346.43106 3387.89052 3428.32316 3467.74976 3506.19440 3543.68439 3580.25012 3615.92501 3650.74544 3684.75054 3717.98215 3750.48461 3782.30464 3813.49113 3844.09495 3874.16871 3903.76656 3932.94386 3961.75697 3990.26293 4018.51910 4046.58291 4074.51148 4102.36127 4130.18772 4158.04496 4185.98536 4214.05927 4242.31465 4270.79673 4299.54774 4328.60662 4358.00876 4387.78576
2183.71977 2240.95829 2298.11744 2355.07992 2411.74137 2468.00905 2523.80071 2579.04358 2633.67344 2687.63388 2740.87566 2793.35605 2845.03840 2895.89168 2945.89007 2995.01268 3043.24323 3090.56980 3136.98466 3182.48401 3227.06788 3270.73993 3313.50733 3355.38067 3396.37376 3436.50362 3475.79029 3514.25676 3551.92884 3588.83507 3625.00654 3660.47682 3695.28177 3729.45941 3763.04974 3796.09460 3828.63739 3860.72295 3892.39731 3923.70743 3954.70101 3985.42615 4015.93118 4046.26430 4076.47334 4106.60548 4136.70692 4166.82264 4196.99610 4227.26895 4257.68076 4288.26880 4319.06778 4350.10963 4381.42330 4413.03457
2215.88096 2268.76842 2321.84078 2374.97447 2428.05854 2480.99359 2533.69074 2586.07070 2638.06296 2689.60508 2740.64200 2791.12546 2841.01353 2890.27009 2938.86448 2986.77111 3033.96916 3080.44229 3126.17839 3171.16936 3215.41091 3258.90236 3301.64648 3343.64936 3384.92022 3425.47128 3465.31764 3504.47715 3542.97025 3580.81983 3618.05114 3654.69158 3690.77061 3726.31954 3761.37140 3795.96076 3830.12353 3863.89680 3897.31860 3930.42775 3963.26357 3995.86572 4028.27394 4060.52785 4092.66666 4124.72898 4156.75258 4188.77414 4220.82904 4252.95112 4285.17248 4317.52329 4350.03159 4382.72310 4415.62112 4448.74633
2279.12005 2327.25164 2375.82023 2424.70062 2473.77906 2522.95247 2572.12769 2621.22073 2670.15611 2718.86626 2767.29089 2815.37653 2863.07601 2910.34803 2957.15681 3003.47166 3049.26672 3094.52064 3139.21632 3183.34068 3226.88440 3269.84177 3312.21045 3353.99132 3395.18832 3435.80824 3475.86064 3515.35764 3554.31378 3592.74592 3630.67301 3668.11602 3705.09773 3741.64260 3777.77663 3813.52712 3848.92260 3883.99257 3918.76737 3953.27798 3987.55584 4021.63265 4055.54017 4089.31005 4122.97361 4156.56165 4190.10429 4223.63073 4257.16911 4290.74629 4324.38775 4358.11735 4391.95725 4425.92772 4460.04708 4494.33153
2372.86910 2416.04978 2459.88424 2504.25132 2549.03943 2594.14617 2639.47780 2684.94882 2730.48144 2776.00517 2821.45632 2866.77765 2911.91791 2956.83152 3001.47821 3045.82266 3089.83429 3133.48689 3176.75842 3219.63077 3262.08951 3304.12370 3345.72570 3386.89098 3427.61792 3467.90770 3507.76407 3547.19325 3586.20373 3624.80615 3663.01314 3700.83916 3738.30038 3775.41447 3812.20051 3848.67881 3884.87075 3920.79861 3956.48543 3991.95487 4027.23097 4062.33808 4097.30063 4132.14298 4166.88928 4201.56330 4236.18824 4270.78662 4305.38014 4339.98948 4374.63421 4409.33266 4444.10180 4478.95712 4513.91256 4548.98039
2495.03293 2533.28078 2572.34942 2612.12668 2652.50790 2693.39574 2734.69993 2776.33708 2818.23038 2860.30931 2902.50935 2944.77171 2987.04301 3029.27506 3071.42453 3113.45270 3155.32526 3197.01203 3238.48673 3279.72682 3320.71323 3361.43022 3401.86518 3442.00842 3481.85307 3521.39486 3560.63197 3599.56489 3638.19628 3676.53080 3714.57496 3752.33702 3789.82678 3827.05551 3864.03574 3900.78117 3937.30651 3973.62733 4009.75992 4045.72117 4081.52840 4117.19922 4152.75144 4188.20285 4223.57116 4258.87381 4294.12790 4329.35001 4364.55610 4399.76140 4434.98031 4470.22626 4505.51168 4540.84785 4576.24484 4611.71149
2642.47113 2675.97827 2710.41926 2745.69430 2781.70902 2818.37453 2855.60738 2893.32952 2931.46812 2969.95550 3008.72896 3047.73062 3086.90721 3126.20995 3165.59428 3205.01978 3244.44988 3283.85177 3323.19615 3362.45711 3401.61195 3440.64097 3479.52739 3518.25713 3556.81868 3595.20298 3633.40322 3671.41477 3709.23497 3746.86304 3784.29996 3821.54827 3858.61203 3895.49662 3932.20864 3968.75578 4005.14671 4041.39092 4077.49864 4113.48068 4149.34830 4185.11317 4220.78713 4256.38218 4291.91031 4327.38342 4362.81318 4398.21095 4433.58769 4468.95384 4504.31925 4539.69310 4575.08381 4610.49898 4645.94531 4681.42859
2811.51886 2840.59256 2870.66321 2901.64474 2933.45485 2966.01506 2999.25087 3033.09174 3067.47112 3102.32643 3137.59898 3173.23392 3209.18018 3245.39033 3281.82047 3318.43017 3355.18230 3392.04291 3428.98115 3465.96906 3502.98154 3539.99614 3576.99299 3613.95463 3650.86593 3687.71394 3724.48777 3761.17847 3797.77893 3834.28374 3870.68908 3906.99261 3943.19338 3979.29164 4015.28884 4051.18743 4086.99079 4122.70310 4158.32929 4193.87486 4229.34582 4264.74860 4300.08991 4335.37667 4370.61592 4405.81473 4440.98008 4476.11880 4511.23751 4546.34251 4581.43971 4616.53458 4651.63207 4686.73658 4721.85187 4756.98105
2998.41253 3023.41815 3049.44204 3076.41177 3104.25738 3132.91146 3162.30934 3192.38915 3223.09189 3254.36148 3286.14475 3318.39145 3351.05424 3384.08864 3417.45298 3451.10837 3485.01859 3519.15005 3553.47170 3587.95496 3622.57359 3657.30368 3692.12345 3727.01327 3761.95549 3796.93434 3831.93591 3866.94797 3901.95992 3936.96268 3971.94861 4006.91139 4041.84594 4076.74834 4111.61572 4146.44616 4181.23862 4215.99284 4250.70926 4285.38892 4320.03338 4354.64464 4389.22506 4423.77728 4458.30411 4492.80853 4527.29353 4561.76212 4596.21719 4630.66151 4665.09765 4699.52789 4733.95423 4768.37830 4802.80133 4837.22411
3199.57186 3220.88943 3243.21407 3266.48596 3290.64678 3315.63988 3341.41038 3367.90529 3395.07360 3422.86635 3451.23667 3480.13979 3509.53312 3539.37620 3569.63070 3600.26042 3631.23128 3662.51123 3694.07025 3725.88030 3757.91526 3790.15088 3822.56469 3855.13599 3887.84573 3920.67648 3953.61235 3986.63890 4019.74308 4052.91318 4086.13872 4119.41039 4152.71999 4186.06032 4219.42516 4252.80914 4286.20771 4319.61703 4353.03396 4386.45591 4419.88083 4453.30712 4486.73357 4520.15930 4553.58367 4587.00626 4620.42679 4653.84507 4687.26094 4720.67421 4754.08465 4787.49191 4820.89548 4854.29467 4887.68858 4921.07602
3411.75154 3429.74873 3448.71766 3468.60964 3489.37687 3510.97252 3533.35088 3556.46746 3580.27905 3604.74382 3629.82137 3655.47279 3681.66067 3708.34916 3735.50395 3763.09232 3791.08311 3819.44669 3848.15502 3877.18154 3906.50121 3936.09045 3965.92710 3995.99041 4026.26097 4056.72068 4087.35268 4118.14133 4149.07217 4180.13180 4211.30791 4242.58917 4273.96519 4305.42649 4336.96438 4368.57099 4400.23913 4431.96231 4463.73462 4495.55072 4527.40577 4559.29537 4591.21552 4623.16258 4655.13319 4687.12425 4719.13286 4751.15628 4783.19189 4815.23715 4847.28957 4879.34663 4911.40583 4943.46457 4975.52017 5007.56986
3632.10081 3647.11951 3663.05736 3679.87525 3697.53450 3715.99698 3735.22523 3755.18249 3775.83281 3797.14112 3819.07329 3841.59616 3864.67760 3888.28654 3912.39301 3936.96813 3961.98415 3987.41445 4013.23353 4039.41704 4065.94171 4092.78542 4119.92711 4147.34680 4175.02557 4202.94549 4231.08967 4259.44213 4287.98786 4316.71271 4345.60343 4374.64755 4403.83341 4433.15008 4462.58734 4492.13563 4521.78602 4551.53016 4581.36025 4611.26896 4641.24947 4671.29535 4701.40056 4731.55941 4761.76653 4792.01680 4822.30535 4852.62753 4882.97883 4913.35491 4943.75153 4974.16453 5004.58982 5035.02333 5065.46102 5095.89882
3858.16777 3870.52036 3883.72750 3897.75813 3912.58140 3928.16668 3944.48370 3961.50256 3979.19385 3997.52866 4016.47867 4036.01614 4056.11403 4076.74597 4097.88630 4119.51014 4141.59333 4164.11253 4187.04516 4210.36948 4234.06450 4258.11007 4282.48682 4307.17617 4332.16033 4357.42227 4382.94571 4408.71512 4434.71567 4460.93324 4487.35439 4513.96631 4540.75684 4567.71441 4594.82802 4622.08724 4649.48214 4677.00330 4704.64175 4732.38897 4760.23684 4788.17762 4816.20394 4844.30874 4872.48526 4900.72702 4929.02779 4957.38156 4985.78251 5014.22501 5042.70359 5071.21290 5099.74770 5128.30287 5156.87334 5185.45413
4087.87559 4097.84703 4108.60028 4120.11100 4132.35491 4145.30778 4158.94551 4173.24418 4188.18010 4203.72986 4219.87036 4236.57885 4253.83298 4271.61082 4289.89086 4308.65211 4327.87403 4347.53660 4367.62035 4388.10631 4408.97609 4430.21181 4451.79620 4473.71248 4495.94449 4518.47658 4541.29365 4564.38117 4587.72510 4611.31195 4635.12873 4659.16294 4683.40258 4707.83609 4732.45240 4757.24085 4782.19120 4807.29362 4832.53865 4857.91721 4883.42057 4909.04031 4934.76833 4960.59683 4986.51826 5012.52536 5038.61107 5064.76858 5090.99128 5117.27273 5143.60668 5169.98705 5196.40787 5222.86333 5249.34773 5275.85547
4319.48710 4327.34016 4335.89694 4345.13871 4355.04666 4365.60194 4376.78570 4388.57914 4400.96352 4413.92024 4427.43082 4441.47696 4456.04057 4471.10377 4486.64896 4502.65878 4519.11617 4536.00440 4553.30704 4571.00799 4589.09154 4607.54228 4626.34520 4645.48566 4664.94936 4684.72242 4704.79130 4725.14286 4745.76431 4766.64325 4787.76764 4809.12580 4830.70640 4852.49846 4874.49135 4896.67476 4919.03870 4941.57350 4964.26978 4987.11846 5010.11075 5033.23811 5056.49227 5079.86521 5103.34913 5126.93647 5150.61989 5174.39224 5198.24655 5222.17606 5246.17418 5270.23445 5294.35059 5318.51647 5342.72607 5366.97353
4551.56659 4557.54833 4564.15246 4571.36486 4579.17126 4587.55731 4596.50857 4606.01058 4616.04885 4626.60891 4637.67631 4649.23667 4661.27567 4673.77910 4686.73287 4700.12300 4713.93568 4728.15726 4742.77426 4757.77340 4773.14159 4788.86597 4804.93386 4821.33284 4838.05072 4855.07552 4872.39553 4889.99928 4907.87552 4926.01329 4944.40183 4963.03065 4981.88953 5000.96844 5020.25764 5039.74759 5059.42902 5079.29285 5099.33027 5119.53265 5139.89159 5160.39892 5181.04664 5201.82697 5222.73231 5243.75526 5264.88859 5286.12525 5307.45835 5328.88116 5350.38712 5371.96981 5393.62295 5415.34042 5437.11622 5458.94448
4782.94281 4787.29137 4792.17932 4797.59628 4803.53176 4809.97510 4816.91557 4824.34234 4832.24451 4840.61114 4849.43124 4858.69383 4868.38789 4878.50244 4889.02654 4899.94925 4911.25972 4922.94715 4935.00083 4947.41011 4960.16446 4973.25345 4986.66676 5000.39421 5014.42570 5028.75133 5043.36128 5058.24590 5073.39569 5088.80129 5104.45350 5120.34327 5136.46171 5152.80010 5169.34985 5186.10255 5203.04994 5220.18393 5237.49658 5254.98010 5272.62686 5290.42939 5308.38034 5326.47256 5344.69900 5363.05278 5381.52715 5400.11549 5418.81135 5437.60837 5456.50034 5475.48120 5494.54498 5513.68584 5532.89807 5552.17608
5012.67479 5015.62581 5019.03278 5022.88836 5027.18512 5031.91544 5037.07165 5042.64592 5048.63037 5055.01701 5061.79781 5068.96466 5076.50941 5084.42388 5092.69988 5101.32917 5110.30354 5119.61475 5129.25461 5139.21492 5149.48752 5160.06428 5170.93712 5182.09801 5193.53897 5205.25207 5217.22946 5229.46336 5241.94605 5254.66992 5267.62740 5280.81104 5294.21347 5307.82739 5321.64563 5335.66108 5349.86675 5364.25574 5378.82125 5393.55658 5408.45514 5423.51043 5438.71605 5454.06571 5469.55322 5485.17250 5500.91755 5516.78250 5532.76155 5548.84903 5565.03934 5581.32701 5597.70664 5614.17294 5630.72073 5647.34489
5240.02067 5241.81309 5243.97860 5246.51233 5249.40927 5252.66429 5256.27216 5260.22755 5264.52501 5269.15903 5274.12401 5279.41429 5285.02412 5290.94771 5297.17922 5303.71276 5310.54241 5317.66221 5325.06619 5332.74833 5340.70264 5348.92309 5357.40367 5366.13834 5375.12111 5384.34598 5393.80696 5403.49809 5413.41345 5423.54712 5433.89324 5444.44596 5455.19949 5466.14807 5477.28598 5488.60758 5500.10723 5511.77938 5523.61851 5535.61918 5547.77598 5560.08358 5572.53669 5585.13011 5597.85867 5610.71729 5623.70095 5636.80467 5650.02357 5663.35282 5676.78766 5690.32340 5703.95542 5717.67916 5731.49013 5745.38393
