博士研究小助手/数据目录/全球地球物理模型系数/地磁模型3阶_13阶_T.grd
DSAA
361	179
-180.00000	180.00000
-89.00000	89.00000
426.19584	15397.16715
[rows 100 to 124 of 179, columns 0 to 55 of 361]
7555.04883 7560.01449 7555.66129 7541.86067 7518.52785 7485.62244 7443.14852 7391.15440 7329.73186 7259.01509 7179.17919 7090.43845 6993.04423 6887.28260 6773.47168 6651.95878 6523.11726 6387.34318 6245.05181 6096.67392 5942.65199 5783.43628 5619.48096 5451.24018 5279.16427 5103.69617 4925.26804 4744.29828 4561.18905 4376.32433 4190.06870 4002.76705 3814.74515 3626.31162 3437.76112 3249.37945 3061.45068 2874.26707 2688.14257 2503.43127 2320.55288 2140.02845 1962.53137 1788.96177 1620.55662 1459.05320 1306.92802 1167.72398 1046.42257 949.64070 885.09025 859.58565 875.96488 931.35972 1018.70257 1129.83989
7460.97249 7466.54285 7462.93008 7450.00386 7427.67616 7395.90192 7354.67936 7304.04980 7244.09709 7174.94662 7096.76400 7009.75338 6914.15543 6810.24508 6698.32889 6578.74220 6451.84605 6318.02381 6177.67769 6031.22502 5879.09444 5721.72194 5559.54697 5393.00846 5222.54103 5048.57130 4871.51447 4691.77131 4509.72549 4325.74152 4140.16334 3953.31367 3765.49427 3576.98723 3388.05753 3198.95706 3009.93046 2821.22325 2633.09303 2445.82488 2259.75300 2075.29157 1892.98035 1713.55400 1538.05087 1367.98838 1205.64969 1054.54652 920.10977 810.46686 736.44954 708.84869 732.35856 801.84343 906.08045 1033.86505
7367.03562 7373.04693 7370.02602 7357.84235 7336.40602 7305.66862 7265.62359 7216.30620 7157.79310 7090.20144 7013.68772 6928.44612 6834.70667 6732.73301 6622.81983 6505.29008 6380.49194 6248.79547 6110.58913 5966.27608 5816.27038 5660.99308 5500.86825 5336.31908 5167.76405 4995.61325 4820.26497 4642.10259 4461.49191 4278.77898 4094.28854 3908.32311 3721.16296 3533.06692 3344.27430 3155.00799 2965.47906 2775.89321 2586.45963 2397.40323 2208.98185 2021.51110 1835.40183 1651.21875 1469.77698 1292.30795 1120.75707 958.33303 810.51337 686.67802 601.57288 572.32935 606.53757 694.26362 817.79835 962.75390
7275.43133 7281.71183 7279.12464 7267.54061 7246.86949 7217.06084 7178.10452 7130.03078 7072.90993 7006.85157 6932.00356 6848.55046 6756.71181 6656.73995 6548.91755 6433.55494 6310.98704 6181.57014 6045.67845 5903.70045 5756.03509 5603.08800 5445.26749 5282.98077 5116.63007 4946.60912 4773.29967 4597.06850 4418.26470 4237.21749 4054.23464 3869.60142 3683.58035 3496.41178 3308.31529 3119.49222 2930.12935 2740.40407 2550.49144 2360.57397 2170.85508 1981.57886 1793.05976 1605.73016 1420.22083 1237.50573 1059.17928 888.02018 729.18766 592.69530 497.17581 468.10691 516.37200 623.73699 765.13071 924.44078
7188.42487 7194.79900 7192.48184 7181.34728 7161.30621 7132.30760 7094.33898 7047.42670 6991.63567 6927.06873 6853.86570 6772.20199 6682.28694 6584.36172 6478.69702 6365.59039 6245.36333 6118.35808 5984.93429 5845.46541 5700.33503 5549.93309 5394.65204 5234.88310 5071.01254 4903.41818 4732.46607 4558.50757 4381.87678 4202.88838 4021.83612 3838.99184 3654.60523 3468.90427 3282.09663 3094.37187 2905.90488 2716.86054 2527.40009 2337.68990 2147.91359 1958.28969 1769.09841 1580.72491 1393.73352 1209.00419 1028.00183 853.34822 690.11658 548.78804 450.54862 426.19584 486.65191 606.67639 758.01338 924.88879
7108.30355 7114.59675 7112.38494 7101.54664 7081.99546 7053.68116 7016.59029 6970.74643 6916.21013 6853.07834 6781.48358 6701.59265 6613.60510 6517.75122 6414.28987 6303.50589 6185.70730 6061.22221 5930.39557 5793.58572 5651.16077 5503.49501 5350.96514 5193.94670 5032.81052 4867.91932 4699.62465 4528.26407 4354.15881 4177.61181 3998.90640 3818.30553 3636.05177 3452.36797 3267.45894 3081.51398 2894.71071 2707.22024 2519.21439 2330.87548 2142.41032 1954.07056 1766.18411 1579.20597 1393.80587 1211.02839 1032.60525 861.60232 703.81626 570.66998 483.25237 468.02966 531.14897 649.93743 799.62214 965.52434
7037.31704 7043.36093 7041.09372 7030.40015 7011.19801 6983.43929 6947.11084 6902.23470 6848.86812 6787.10309 6717.06562 6638.91458 6552.84022 6459.06240 6357.82841 6249.41058 6134.10357 6012.22144 5884.09451 5750.06607 5610.48890 5465.72182 5316.12616 5162.06233 5003.88648 4841.94733 4676.58338 4508.12032 4336.86894 4163.12360 3987.16114 3809.24055 3629.60341 3448.47516 3266.06731 3082.58095 2898.21166 2713.15625 2527.62217 2341.84056 2156.08494 1970.69883 1786.13841 1603.04109 1422.34113 1245.47365 1074.74928 914.05933 770.17078 654.70855 585.13543 578.49342 636.81710 744.90986 884.50145 1042.71618
6977.60936 6983.24717 6980.77295 6970.07909 6951.08903 6923.75833 6888.07541 6844.06198 6791.77306 6731.29667 6662.75314 6586.29413 6502.10126 6410.38439 6311.37967 6205.34725 6092.56870 5973.34426 5847.98985 5716.83393 5580.21426 5438.47461 5291.96147 5141.02084 4985.99515 4827.22043 4665.02370 4499.72086 4331.61490 4160.99475 3988.13477 3813.29488 3636.72170 3458.65057 3279.30882 3098.92051 2917.71304 2735.92623 2553.82488 2371.71637 2189.97568 2009.08238 1829.67650 1652.64607 1479.26795 1311.43982 1152.06470 1005.66860 879.27015 783.10961 729.67405 728.73690 780.65165 876.09428 1002.61038 1149.78783
6931.14544 6936.23724 6933.41858 6922.59081 6903.68428 6876.65940 6841.50739 6798.25076 6746.94336 6687.67019 6620.54680 6545.71841 6463.35864 6373.66797 6276.87191 6173.21885 6062.97766 5946.43511 5823.89307 5695.66557 5562.07579 5423.45299 5280.12950 5132.43776 4980.70757 4825.26356 4666.42301 4504.49403 4339.77430 4172.55042 4003.09787 3831.68195 3658.55956 3483.98225 3308.20067 3131.47078 2954.06245 2776.27107 2598.43357 2420.95046 2244.31710 2069.16842 1896.34464 1726.98926 1562.69646 1405.73193 1259.35142 1128.21226 1018.75076 939.08852 897.64422 900.06282 946.23458 1030.39481 1144.17577 1279.58353
6899.63614 6904.06370 6900.78204 6889.70257 6870.76369 6843.93176 6809.20192 6766.59850 6716.17522 6658.01496 6592.22937 6518.95798 6438.36714 6350.64858 6256.01771 6154.71169 6046.98715 5933.11786 5813.39211 5688.10998 5557.58064 5422.11947 5282.04539 5137.67819 4989.33615 4837.33383 4681.98030 4523.57780 4362.42094 4198.79655 4032.98433 3865.25843 3695.89009 3525.15167 3353.32228 3180.69551 3007.58981 2834.36242 2661.42824 2489.28531 2318.55001 2150.00585 1984.67184 1823.89839 1669.49994 1523.93172 1390.50337 1273.57950 1178.62060 1111.77954 1078.74923 1082.99615 1124.36231 1199.16633 1301.70343 1425.95302
6884.46749 6888.13821 6884.29771 6872.86838 6853.79752 6827.05844 6792.65108 6750.60254 6700.96729 6643.82699 6579.29014 6507.49137 6428.59045 6342.77100 6250.23896 6151.22079 6045.96147 5934.72227 5817.77844 5695.41673 5567.93286 5435.62907 5298.81165 5157.78868 5012.86794 4864.35514 4712.55256 4557.75816 4400.26526 4240.36295 4078.33736 3914.47389 3749.06064 3582.39335 3414.78209 3246.56015 3078.09588 2909.80826 2742.18742 2575.82181 2411.43445 2249.93109 2092.46422 1940.51641 1796.00509 1661.40340 1539.85498 1435.22559 1351.98331 1294.76364 1267.54668 1272.63561 1309.94101 1377.03684 1469.94202 1584.12256
6886.64009 6889.48966 6885.01997 6873.16493 6853.88147 6827.15049 6792.97751 6751.39317 6702.45341 6646.23941 6582.85729 6512.43746 6435.13377 6351.12240 6260.60040 6163.78416 6060.90757 5952.22003 5837.98432 5718.47448 5593.97350 5464.77119 5331.16201 5193.44320 5051.91304 4906.86945 4758.60910 4607.42690 4453.61620 4297.46972 4139.28132 3979.34887 3817.97837 3655.48951 3492.22321 3328.55131 3164.88925 3001.71235 2839.57673 2679.14633 2521.22739 2366.81237 2217.13470 2073.73462 1938.53296 1813.90196 1702.70823 1608.28226 1534.24874 1484.15666 1460.91579 1466.18247 1499.95637 1560.60128 1645.27358 1750.52910
6906.72465 6908.71821 6903.57573 6891.24294 6871.68677 6844.89619 6810.88280 6769.68133 6721.34979 6665.96950 6603.64480 6534.50249 6458.69116 6376.38011 6287.75816 6193.03223 6092.42573 5986.17680 5874.53646 5757.76667 5636.13843 5509.92984 5379.42437 5244.90926 5106.67415 4965.01013 4820.20916 4672.56404 4522.36900 4369.92111 4215.52250 4059.48372 3902.12830 3743.79888 3584.86511 3425.73380 3266.86173 3108.77184 2952.07345 2797.48751 2645.87752 2498.28699 2355.98315 2220.50484 2093.70927 1977.80543 1875.35344 1789.19807 1722.30098 1677.45046 1656.87437 1661.85144 1692.46241 1747.58922 1825.15947 1922.52588
6944.83838 6945.96991 6940.13752 6927.29875 6907.43062 6880.53032 6846.61583 6805.72630 6757.92224 6703.28554 6641.91923 6573.94707 6499.51289 6418.77972 6331.92873 6239.15799 6140.68108 6036.72554 5927.53131 5813.34902 5694.43839 5571.06665 5443.50706 5312.03767 5176.94034 5038.50011 4897.00496 4752.74624 4606.01956 4457.12658 4306.37760 4154.09525 4000.61940 3846.31343 3691.57240 3536.83301 3382.58621 3229.39255 3077.90086 2928.87076 2783.19917 2641.95067 2506.39035 2378.01635 2258.58583 2150.12395 2054.90001 1975.35080 1913.93313 1872.90147 1854.03623 1858.38426 1886.09259 1936.39554 2007.75828 2098.12093
7000.64447 7000.93461 6994.41989 6981.06934 6960.86986 6933.82682 6899.96457 6859.32680 6811.97673 6757.99710 6697.49002 6630.57660 6557.39639 6478.10668 6392.88155 6301.91085 6205.39897 6103.56358 5996.63425 5884.85107 5768.46330 5647.72810 5522.90934 5394.27674 5262.10515 5126.67428 4988.26882 4847.17908 4703.70231 4558.14471 4410.82427 4262.07468 4112.25034 3961.73272 3810.93829 3660.32825 3510.42030 3361.80282 3215.15152 3071.24888 2931.00597 2795.48611 2665.92848 2543.76847 2430.64925 2328.41603 2239.08189 2164.75308 2107.50515 2069.21250 2051.35185 2054.82024 2079.81624 2125.82096 2191.68372 2275.78304
7073.37471 7072.86708 7065.69917 7051.85088 7031.31852 7004.11531 6970.27177 6929.83604 6882.87407 6829.46957 6769.72395 6703.75597 6631.70134 6553.71205 6469.95565 6380.61438 6285.88413 6185.97342 6081.10226 5971.50102 5857.40935 5739.07522 5616.75402 5490.70796 5361.20571 5228.52235 5092.93985 4954.74791 4814.24555 4671.74329 4527.56619 4382.05779 4235.58511 4088.54489 3941.37118 3794.54444 3648.60241 3504.15274 3361.88758 3222.59981 3087.20060 2956.73721 2832.40916 2715.57969 2607.77783 2510.68455 2426.09545 2355.85269 2301.74259 2265.36322 2247.97791 2250.38167 2272.81181 2314.92628 2375.85479 2454.30744
7161.87207 7160.62861 7152.85406 7138.53838 7117.68661 7090.31923 7056.47253 7016.19883 6969.56662 6916.66062 6857.58159 6792.44621 6721.38661 6644.54995 6562.09778 6474.20533 6381.06071 6282.86405 6179.82663 6072.16999 5960.12511 5843.93169 5723.83758 5600.09840 5472.97746 5342.74599 5209.68381 5074.08043 4936.23677 4796.46746 4655.10401 4512.49863 4369.02920 4225.10517 4081.17468 3937.73300 3795.33223 3654.59249 3516.21429 3380.99196 3249.82737 3123.74297 3003.89226 2891.56493 2788.18299 2695.28296 2614.47894 2547.40243 2495.61768 2460.51704 2443.20844 2444.41364 2464.39806 2502.94839 2559.40273 2632.72496
7264.64858 7262.74419 7254.42228 7239.68184 7218.53572 7191.01096 7157.14901 7117.00594 7070.65251 7018.17426 6959.67135 6895.25846 6825.06446 6749.23205 6667.91728 6581.28900 6489.52825 6392.82757 6291.39040 6185.43037 6075.17079 5960.84408 5842.69155 5720.96319 5595.91786 5467.82373 5336.95912 5203.61379 5068.09075 4930.70866 4791.80492 4651.73950 4510.89957 4369.70515 4228.61566 4088.13751 3948.83279 3811.32889 3676.32898 3544.62280 3417.09724 3294.74561 3178.67376 3070.10099 2970.35252 2880.84009 2803.02714 2738.37613 2688.27801 2653.96804 2636.43700 2636.35109 2653.99513 2689.25055 2741.61237 2810.24090
7379.95237 7377.46955 7368.66744 7353.55288 7332.14554 7304.47814 7270.59658 7230.56011 7184.44138 7132.32651 7074.31498 7010.51955 6941.06602 6866.09301 6785.75155 6700.20474 6609.62724 6514.20488 6414.13414 6309.62173 6200.88428 6088.14802 5971.64873 5851.63180 5728.35258 5602.07702 5473.08265 5341.66001 5208.11447 5072.76873 4935.96574 4798.07246 4659.48422 4520.62990 4381.97797 4244.04325 4107.39453 3972.66286 3840.55012 3711.83779 3587.39482 3468.18389 3355.26447 3249.79074 3153.00202 3066.20309 2990.73204 2927.91418 2879.00277 2845.10996 2827.13510 2825.69998 2841.10172 2873.29175 2921.88445 2986.19349
7505.83825 7502.86190 7493.64994 7478.21585 7456.58502 7428.79489 7394.89504 7354.94724 7309.02560 7257.21648 7199.61854 7136.34265 7067.51175 6993.26068 6913.73595 6829.09549 6739.50836 6645.15445 6546.22422 6442.91848 6335.44821 6224.03450 6108.90869 5990.31258 5868.49901 5743.73258 5616.29079 5486.46550 5354.56485 5220.91565 5085.86626 4949.79011 4813.08981 4676.20188 4539.60216 4403.81190 4269.40429 4137.01150 4007.33177 3881.13621 3759.27463 3642.67945 3532.36644 3429.43067 3335.03587 3250.39515 3176.74154 3115.28765 3067.17512 3033.41713 3014.83927 3012.02604 3025.28109 3054.60738 3099.71069 3160.02522
7640.23641 7636.84924 7627.29685 7611.59809 7589.78298 7561.89268 7527.97962 7488.10747 7442.35121 7390.79717 7333.54300 7270.69768 7202.38143 7128.72563 7049.87273 6965.97608 6877.19985 6783.71883 6685.71838 6583.39438 6476.95318 6366.61183 6252.59826 6135.15173 6014.52351 5890.97775 5764.79266 5636.26207 5505.69727 5373.42939 5239.81216 5105.22516 4970.07767 4834.81293 4699.91301 4565.90414 4433.36234 4302.91932 4175.26823 4051.16887 3931.45182 3817.02053 3708.85036 3607.98324 3515.51646 3432.58419 3360.33057 3299.87411 3252.26419 3218.43241 3199.14295 3194.94766 3206.15194 3232.79636 3274.65675 3331.26257
7781.01579 7777.29445 7767.46658 7751.55520 7729.59381 7701.62637 7667.70732 7627.90154 7582.28442 7530.94187 7473.97038 7411.47700 7343.57937 7270.40572 7192.09485 7108.79614 7020.66953 6927.88552 6830.62527 6729.08063 6623.45440 6513.96054 6400.82460 6284.28431 6164.59030 6042.00711 5916.81441 5789.30857 5659.80448 5528.63785 5396.16777 5262.77981 5128.88948 4994.94611 4861.43716 4728.89284 4597.89094 4469.06172 4343.09245 4220.73137 4102.79036 3990.14562 3883.73547 3784.55412 3693.64032 3612.05971 3540.88031 3481.14079 3433.81276 3399.75893 3379.69090 3374.13089 3383.38215 3407.51204 3446.35013 3499.50127
7926.03959 7922.05168 7912.00606 7895.92878 7873.85579 7845.83293 7811.91585 7772.17003 7726.67076 7675.50323 7618.76255 7556.55385 7488.99231 7416.20329 7338.32237 7255.49548 7167.87900 7075.63989 6978.95593 6878.01588 6773.01986 6664.17973 6551.71963 6435.87664 6316.90162 6195.06029 6070.63444 5943.92355 5815.24650 5684.94380 5553.38000 5420.94651 5288.06475 5155.18967 5022.81346 4891.46964 4761.73704 4634.24381 4509.67101 4388.75538 4272.29092 4161.12839 4056.17221 3958.37364 3868.71945 3788.21526 3717.86296 3658.63245 3611.42843 3577.05415 3556.17502 3549.28564 3556.68390 3578.45557 3614.47112 3664.39518
8073.21209 8069.01395 8058.79909 8042.59548 8020.44062 7992.38138 7958.47393 7918.78373 7873.38555 7822.36355 7765.81131 7703.83202 7636.53856 7564.05364 7486.51004 7404.05073 7316.82914 7225.00941 7128.76668 7028.28745 6923.77002 6815.42501 6703.47597 6588.16017 6469.72947 6348.45143 6224.61058 6098.50992 5970.47272 5840.84444 5709.99513 5578.32190 5446.25184 5314.24508 5182.79808 5052.44704 4923.77131 4797.39652 4673.99733 4554.29924 4439.07919 4329.16422 4225.42759 4128.78167 4040.16668 3960.53496 3890.83025 3831.96217 3784.77681 3750.02505 3728.33081 3720.16240 3725.80977 3745.37046 3778.74580 3825.64772
8220.51676 8216.15208 8205.80587 8189.50717 8167.29415 8139.21396 8105.32267 8065.68523 8020.37551 7969.47634 7913.07971 7851.28683 7784.20841 7711.96480 7634.68630 7552.51342 7465.59719 7374.09954 7278.19367 7178.06454 7073.90939 6965.93834 6854.37512 6739.45784 6621.44000 6500.59159 6377.20032 6251.57312 6124.03781 5994.94496 5864.67004 5733.61573 5602.21448 5470.93119 5340.26610 5210.75762 5082.98511 4957.57133 4835.18441 4716.53884 4602.39528 4493.55849 4390.87294 4295.21536 4207.48387 4128.58296 4059.40439 4000.80415 3953.57613 3918.42417 3895.93426 3886.54934 3890.54931 3908.03825 3938.94036 3983.00495
