博士研究小助手/数据目录/全球地球物理模型系数/地磁模型2阶_13阶_T.grd
DSAA
361	179
-180.00000	180.00000
-89.00000	89.00000
431.77733	23781.07858
[rows 25 to 49 of 179, columns 112 to 167 of 361]
17748.29266 17867.26630 17983.96205 18098.41045 18210.64975 18320.72550 18428.69017 18534.60262 18638.52763 18740.53534 18840.70071 18939.10291 19035.82473 19130.95195 19224.57273 19316.77692 19407.65545 19497.29966 19585.80070 19673.24883 19759.73286 19845.33953 19930.15290 20014.25383 20097.71942 20180.62252 20263.03126 20345.00865 20426.61212 20507.89321 20588.89726 20669.66312 20750.22290 20830.60181 20910.81801 20990.88248 21070.79895 21150.56389 21230.16648 21309.58869 21388.80532 21467.78412 21546.48591 21624.86471 21702.86799 21780.43682 21857.50607 21934.00471 22009.85602 22084.97786 22159.28299 22232.67927 22305.07005 22376.35441 22446.42753 22515.18091
17839.71792 17959.50242 18076.77292 18191.56718 18303.93164 18413.92094 18521.59745 18627.03074 18730.29703 18831.47856 18930.66301 19027.94276 19123.41429 19217.17742 19309.33462 19399.99028 19489.24998 19577.21976 19664.00538 19749.71163 19834.44160 19918.29603 20001.37263 20083.76545 20165.56429 20246.85414 20327.71465 20408.21966 20488.43673 20568.42679 20648.24375 20727.93425 20807.53734 20887.08435 20966.59870 21046.09575 21125.58283 21205.05910 21284.51568 21363.93564 21443.29408 21522.55834 21601.68805 21680.63540 21759.34531 21837.75569 21915.79766 21993.39584 22070.46865 22146.92857 22222.68251 22297.63205 22371.67384 22444.69989 22516.59792 22587.25171
17919.88890 18040.20075 18157.75486 18272.59645 18384.78040 18494.37076 18601.44020 18706.06944 18808.34660 18908.36658 19006.23029 19102.04395 19195.91835 19287.96800 19378.31039 19467.06514 19554.35318 19640.29594 19725.01455 19808.62900 19891.25736 19973.01504 20054.01403 20134.36222 20214.16269 20293.51311 20372.50515 20451.22395 20529.74764 20608.14689 20686.48452 20764.81523 20843.18526 20921.63222 21000.18493 21078.86329 21157.67823 21236.63169 21315.71669 21394.91736 21474.20911 21553.55874 21632.92467 21712.25713 21791.49841 21870.58316 21949.43864 22027.98503 22106.13579 22183.79795 22260.87249 22337.25465 22412.83432 22487.49639 22561.12111 22633.58447
17987.45774 18108.03091 18225.59648 18340.20730 18451.92690 18560.82897 18666.99678 18770.52254 18871.50668 18970.05715 19066.28860 19160.32161 19252.28180 19342.29895 19430.50615 19517.03885 19602.03397 19685.62896 19767.96091 19849.16563 19929.37680 20008.72509 20087.33734 20165.33578 20242.83730 20319.95271 20396.78616 20473.43447 20549.98667 20626.52348 20703.11690 20779.82988 20856.71604 20933.81942 21011.17430 21088.80516 21166.72658 21244.94326 21323.45006 21402.23217 21481.26518 21560.51531 21639.93965 21719.48637 21799.09504 21878.69696 21958.21543 22037.56613 22116.65750 22195.39104 22273.66179 22351.35861 22428.36464 22504.55765 22579.81046 22653.99128
18041.14726 18161.73481 18279.06047 18393.18474 18504.17994 18612.12956 18717.12768 18819.27824 18918.69429 19015.49717 19109.81566 19201.78508 19291.54632 19379.24493 19465.03008 19549.05356 19631.46879 19712.42977 19792.09008 19870.60189 19948.11496 20024.77573 20100.72636 20176.10390 20251.03944 20325.65733 20400.07452 20474.39984 20548.73349 20623.16647 20697.78013 20772.64585 20847.82470 20923.36721 20999.31319 21075.69169 21152.52089 21229.80821 21307.55031 21385.73330 21464.33288 21543.31459 21622.63407 21702.23734 21782.06118 21862.03341 21942.07332 22022.09204 22101.99293 22181.67200 22261.01829 22339.91435 22418.23660 22495.85575 22572.63727 22648.44174
18079.76811 18200.14364 18317.00026 18430.40613 18540.44237 18647.20237 18750.79112 18851.32445 18948.92823 19043.73743 19135.89522 19225.55196 19312.86419 19397.99354 19481.10567 19562.36910 19641.95417 19720.03184 19796.77261 19872.34541 19946.91652 20020.64852 20093.69927 20166.22097 20238.35924 20310.25228 20382.03009 20453.81374 20525.71476 20597.83458 20670.26403 20743.08298 20816.35999 20890.15207 20964.50455 21039.45097 21115.01308 21191.20088 21268.01275 21345.43561 21423.44513 21502.00606 21581.07247 21660.58815 21740.48695 21820.69320 21901.12210 21981.68020 22062.26579 22142.76937 22223.07411 22303.05625 22382.58562 22461.52602 22539.73569 22617.06775
18102.23403 18222.19282 18338.37478 18450.85567 18559.72533 18665.08703 18767.05670 18865.76213 18961.34207 19053.94527 19143.72945 19230.86022 19315.50997 19397.85668 19478.08274 19556.37372 19632.91714 19707.90125 19781.51377 19853.94070 19925.36510 19995.96600 20065.91722 20135.38637 20204.53380 20273.51175 20342.46343 20411.52227 20480.81124 20550.44226 20620.51567 20691.11979 20762.33066 20834.21171 20906.81370 20980.17457 21054.31947 21129.26089 21204.99876 21281.52065 21358.80211 21436.80692 21515.48751 21594.78528 21674.63111 21754.94576 21835.64033 21916.61678 21997.76837 22078.98017 22160.12952 22241.08656 22321.71463 22401.87083 22481.40640 22560.16721
18107.57492 18226.93488 18342.26110 18453.63675 18561.16027 18664.94469 18765.11681 18861.81634 18955.19490 19045.41504 19132.64908 19217.07796 19298.89001 19378.27971 19455.44631 19530.59260 19603.92347 19675.64462 19745.96116 19815.07635 19883.19024 19950.49843 20017.19087 20083.45068 20149.45309 20215.36442 20281.34118 20347.52916 20414.06280 20481.06445 20548.64388 20616.89784 20685.90968 20755.74916 20826.47228 20898.12121 20970.72438 21044.29655 21118.83901 21194.33987 21270.77434 21348.10512 21426.28284 21505.24645 21584.92377 21665.23195 21746.07801 21827.35932 21908.96420 21990.77238 22072.65556 22154.47790 22236.09654 22317.36208 22398.11906 22478.20641
18094.94774 18213.55007 18327.86471 18437.98198 18544.00871 18646.06749 18744.29581 18838.84515 18929.87991 19017.57633 19102.12126 19183.71094 19262.54965 19338.84832 19412.82314 19484.69410 19554.68353 19623.01461 19689.90995 19755.59007 19820.27206 19884.16815 19947.48441 20010.41952 20073.16355 20135.89689 20198.78925 20261.99876 20325.67115 20389.93914 20454.92176 20520.72398 20587.43632 20655.13464 20723.87996 20793.71849 20864.68168 20936.78635 21010.03496 21084.41592 21159.90395 21236.46051 21314.03430 21392.56173 21471.96751 21552.16515 21633.05759 21714.53773 21796.48902 21878.78603 21961.29498 22043.87434 22126.37529 22208.64226 22290.51343 22371.82119
18063.64509 18181.35472 18294.52763 18403.26100 18507.66974 18607.88570 18704.05683 18796.34611 18884.93050 18969.99973 19051.75503 19130.40776 19206.17799 19279.29302 19349.98582 19418.49352 19485.05579 19549.91322 19613.30580 19675.47126 19736.64363 19797.05168 19856.91750 19916.45519 19975.86952 20035.35480 20095.09378 20155.25670 20216.00044 20277.46777 20339.78679 20403.07042 20467.41608 20532.90541 20599.60423 20667.56247 20736.81432 20807.37842 20879.25815 20952.44199 21026.90398 21102.60416 21179.48918 21257.49284 21336.53665 21416.53054 21497.37339 21578.95372 21661.15028 21743.83265 21826.86188 21910.09097 21993.36551 22076.52415 22159.39911 22241.81668
18013.10149 18129.80721 18241.73414 18348.98591 18451.68513 18549.97259 18644.00630 18733.96043 18820.02417 18902.40045 18981.30455 19056.96269 19129.61047 19199.49129 19266.85470 19331.95471 19395.04809 19456.39265 19516.24551 19574.86141 19632.49107 19689.37956 19745.76476 19801.87593 19857.93227 19914.14172 19970.69979 20027.78851 20085.57554 20144.21343 20203.83897 20264.57268 20326.51849 20389.76354 20454.37801 20520.41527 20587.91190 20656.88806 20727.34776 20799.27931 20872.65583 20947.43582 21023.56372 21100.97061 21179.57484 21259.28271 21339.98917 21421.57847 21503.92485 21586.89317 21670.33955 21754.11194 21838.05068 21921.98908 22005.75390 22089.16581
17942.89743 18058.51182 18169.11430 18274.81451 18375.74234 18472.04705 18563.89630 18651.47503 18734.98422 18814.63958 18890.67007 18963.31635 19032.82918 19099.46768 19163.49758 19225.18942 19284.81672 19342.65411 19398.97549 19454.05225 19508.15142 19561.53400 19614.45325 19667.15319 19719.86706 19772.81600 19826.20785 19880.23598 19935.07843 19990.89704 20047.83683 20106.02548 20165.57302 20226.57158 20289.09536 20353.20069 20418.92622 20486.29325 20555.30610 20625.95265 20698.20488 20772.01952 20847.33873 20924.09077 21002.19080 21081.54156 21162.03416 21243.54876 21325.95531 21409.11423 21492.87706 21577.08706 21661.57982 21746.18378 21830.72074 21915.00637
17852.76120 17967.22029 18076.44529 18180.55139 18279.67525 18373.97410 18463.62474 18548.82237 18629.77926 18706.72340 18779.89688 18849.55434 18915.96117 18979.39169 19040.12734 19098.45467 19154.66343 19209.04457 19261.88829 19313.48205 19364.10871 19414.04464 19463.55797 19512.90691 19562.33820 19612.08562 19662.36876 19713.39180 19765.34254 19818.39156 19872.69157 19928.37685 19985.56296 20044.34655 20104.80530 20166.99806 20230.96509 20296.72845 20364.29243 20433.64418 20504.75428 20577.57752 20652.05361 20728.10797 20805.65254 20884.58658 20964.79747 21046.16149 21128.54457 21211.80300 21295.78412 21380.32697 21465.26283 21550.41585 21635.60345 21720.63688
17742.56877 17855.83144 17963.65079 18066.14703 18163.46302 18255.76344 18343.23363 18426.07847 18504.52095 18578.80070 18649.17240 18715.90398 18779.27487 18839.57400 18897.09782 18952.14830 19005.03075 19056.05181 19105.51727 19153.73003 19200.98809 19247.58250 19293.79558 19339.89903 19386.15237 19432.80134 19480.07656 19528.19229 19577.34543 19627.71461 19679.45953 19732.72042 19787.61776 19844.25207 19902.70397 19963.03429 20025.28442 20089.47674 20155.61513 20223.68564 20293.65724 20365.48256 20439.09874 20514.42828 20591.37993 20669.84955 20749.72094 20830.86673 20913.14911 20996.42060 21080.52478 21165.29690 21250.56452 21336.14802 21421.86109 21507.51124
17612.34172 17724.38897 17830.79854 17931.69510 18027.22717 18117.56624 18202.90561 18283.45916 18359.45993 18431.15855 18498.82153 18562.72945 18623.17500 18680.46097 18734.89812 18786.80299 18836.49573 18884.29781 18930.52985 18975.50935 19019.54860 19062.95253 19106.01673 19149.02561 19192.25056 19235.94844 19280.36003 19325.70887 19372.20010 19420.01957 19469.33319 19520.28639 19573.00381 19627.58918 19684.12539 19742.67466 19803.27896 19865.96050 19930.72234 19997.54910 20066.40783 20137.24880 20210.00644 20284.60031 20360.93596 20438.90595 20518.39071 20599.25943 20681.37087 20764.57420 20848.70966 20933.60926 21019.09733 21104.99114 21191.10131 21277.23226
17462.24352 17573.07747 17678.09616 17777.42814 17871.22700 17959.67040 18042.95893 18121.31480 18194.98035 18264.21647 18329.30073 18390.52552 18448.19599 18502.62794 18554.14551 18603.07898 18649.76235 18694.53104 18737.71949 18779.65886 18820.67471 18861.08483 18901.19714 18941.30766 18981.69871 19022.63719 19064.37310 19107.13822 19151.14496 19196.58549 19243.63099 19292.43120 19343.11412 19395.78588 19450.53092 19507.41221 19566.47168 19627.73085 19691.19148 19756.83643 19824.63050 19894.52139 19966.44071 20040.30499 20116.01667 20193.46508 20272.52747 20353.06986 20434.94796 20518.00794 20602.08719 20687.01499 20772.61307 20858.69618 20945.07254 21031.54421
17292.57428 17402.21711 17505.88567 17603.71187 17695.85373 17782.49445 17863.84122 17940.12383 18011.59319 18078.51958 18141.19081 18199.91020 18254.99443 18306.77132 18355.57745 18401.75576 18445.65309 18487.61769 18527.99674 18567.13389 18605.36687 18643.02515 18680.42777 18717.88123 18755.67755 18794.09255 18833.38426 18873.79157 18915.53307 18958.80613 19003.78620 19050.62634 19099.45694 19150.38572 19203.49784 19258.85625 19316.50224 19376.45605 19438.71768 19503.26777 19570.06860 19639.06508 19710.18587 19783.34441 19858.44005 19935.35906 20013.97568 20094.15308 20175.74422 20258.59274 20342.53363 20427.39399 20512.99353 20599.14514 20685.65529 20772.32441
17103.76428 17212.25695 17314.63672 17411.03826 17501.62346 17586.58040 17666.12214 17740.48532 17809.92858 17874.73076 17935.18899 17991.61654 18044.34064 18093.70007 18140.04274 18183.72311 18225.09967 18264.53229 18302.37961 18338.99652 18374.73156 18409.92460 18444.90445 18479.98673 18515.47183 18551.64316 18588.76546 18627.08344 18666.82061 18708.17834 18751.33519 18796.44643 18843.64384 18893.03573 18944.70710 18998.72013 19055.11472 19113.90924 19175.10138 19238.66919 19304.57208 19372.75194 19443.13433 19515.62961 19590.13405 19666.53100 19744.69192 19824.47738 19905.73800 19988.31527 20072.04231 20156.74455 20242.24028 20328.34115 20414.85257 20501.57404
16896.36637 17003.76740 17104.93889 17200.01781 17289.16932 17372.58572 17450.48526 17523.11066 17590.72744 17653.62213 17712.10020 17766.48386 17817.10979 17864.32660 17908.49231 17949.97167 17989.13350 18026.34792 18061.98365 18096.40535 18129.97097 18163.02921 18195.91719 18228.95811 18262.45927 18296.71013 18331.98067 18368.52000 18406.55515 18446.29014 18487.90534 18531.55705 18577.37728 18625.47388 18675.93077 18728.80849 18784.14478 18841.95548 18902.23548 18964.95975 19030.08450 19097.54840 19167.27376 19239.16781 19313.12383 19389.02236 19466.73232 19546.11199 19627.00997 19709.26605 19792.71195 19877.17198 19962.46356 20048.39774 20134.77950 20221.40808
16671.04759 16777.43170 16877.49325 16971.37103 17059.23290 17141.27480 17217.71947 17288.81492 17354.83275 17416.06622 17472.82815 17525.44864 17574.27266 17619.65742 17661.96977 17701.58337 17738.87593 17774.22635 17808.01190 17840.60541 17872.37258 17903.66935 17934.83942 17966.21196 17998.09943 18030.79571 18064.57442 18099.68743 18136.36376 18174.80863 18215.20280 18257.70225 18302.43802 18349.51638 18399.01914 18451.00424 18505.50652 18562.53861 18622.09197 18684.13809 18748.62965 18815.50183 18884.67361 18956.04901 19029.51842 19104.95972 19182.23950 19261.21403 19341.73030 19423.62679 19506.73428 19590.87647 19675.87047 19761.52728 19847.65208 19934.04449
16428.58014 16534.03698 16633.10336 16725.91943 16812.65530 16893.50995 16968.70993 17038.50782 17103.18043 17163.02684 17218.36621 17269.53540 17316.88644 17360.78389 17401.60200 17439.72191 17475.52867 17509.40834 17541.74504 17572.91805 17603.29906 17633.24940 17663.11755 17693.23675 17723.92283 17755.47226 17788.16047 17822.24041 17857.94136 17895.46812 17935.00036 17976.69230 18020.67269 18067.04499 18115.88780 18167.25556 18221.17933 18277.66781 18336.70851 18398.26892 18462.29786 18528.72683 18597.47132 18668.43218 18741.49692 18816.54097 18893.42879 18972.01497 19052.14520 19133.65708 19216.38088 19300.14017 19384.75226 19470.02863 19555.77522 19641.79261
16169.83194 16274.46490 16372.66597 16464.57635 16550.36795 16630.24226 16704.42903 16773.18467 16836.79039 16895.55016 16949.78841 16999.84763 17046.08569 17088.87307 17128.59004 17165.62358 17200.36447 17233.20418 17264.53186 17294.73138 17324.17844 17353.23782 17382.26077 17411.58260 17441.52048 17472.37150 17504.41096 17537.89096 17573.03928 17610.05853 17649.12565 17690.39158 17733.98136 17779.99439 17828.50493 17879.56286 17933.19463 17989.40429 18048.17478 18109.46918 18173.23211 18239.39116 18307.85824 18378.53103 18451.29429 18526.02109 18602.57405 18680.80637 18760.56276 18841.68034 18923.98930 19007.31348 19091.47086 19176.27390 19261.52975 19347.04046
15895.75695 15999.68204 16097.16160 16188.33761 16273.38340 16352.50252 16425.92736 16493.91747 16556.75764 16614.75580 16668.24065 16717.55911 16763.07357 16805.15907 16844.20029 16880.58847 16914.71831 16946.98484 16977.78029 17007.49109 17036.49489 17065.15775 17093.83154 17122.85146 17152.53386 17183.17431 17215.04587 17248.39777 17283.45433 17320.41412 17359.44959 17400.70680 17444.30560 17490.33998 17538.87865 17589.96595 17643.62279 17699.84788 17758.61898 17819.89432 17883.61404 17949.70159 18018.06528 18088.59960 18161.18667 18235.69742 18311.99285 18389.92505 18469.33813 18550.06905 18631.94830 18714.80041 18798.44441 18882.69412 18967.35835 19052.24098
15607.38549 15710.73041 15807.64514 15898.27224 15982.78622 16061.39228 16134.32491 16201.84618 16264.24370 16321.82846 16374.93236 16423.90555 16469.11365 16510.93477 16549.75638 16585.97224 16619.97911 16652.17360 16682.94895 16712.69197 16741.78001 16770.57816 16799.43654 16828.68794 16858.64555 16889.60109 16921.82319 16955.55603 16991.01835 17028.40277 17067.87536 17109.57564 17153.61670 17200.08573 17249.04471 17300.53134 17354.56014 17411.12373 17470.19416 17531.72438 17595.64975 17661.88948 17730.34819 17800.91728 17873.47634 17947.89438 18024.03105 18101.73761 18180.85788 18261.22903 18342.68217 18425.04287 18508.13156 18591.76372 18675.75013 18759.89682
15305.81455 15408.71798 15505.23661 15595.51353 15679.72419 15758.07516 15830.80260 15898.17048 15960.46851 16018.00986 16071.12857 16120.17686 16165.52219 16207.54418 16246.63149 16283.17851 16317.58212 16350.23840 16381.53941 16411.87002 16441.60490 16471.10569 16500.71834 16530.77069 16561.57031 16593.40266 16626.52949 16661.18767 16697.58817 16735.91555 16776.32766 16818.95563 16863.90424 16911.25245 16961.05426 17013.33970 17068.11601 17125.36903 17185.06457 17247.14993 17311.55546 17378.19603 17446.97257 17517.77350 17590.47606 17664.94757 17741.04661 17818.62392 17897.52338 17977.58264 18058.63376 18140.50365 18223.01437 18305.98335 18389.22351 18472.54324
