博士研究小助手/数据目录/全球地球物理模型系数/地磁模型3阶_13阶_T.grd
DSAA
361	179
-180.00000	180.00000
-89.00000	89.00000
426.19584	15397.16715
[rows 25 to 49 of 179, columns 280 to 335 of 361]
7028.05387 6969.47485 6914.51995 6863.10377 6815.12813 6770.48305 6729.04777 6690.69191 6655.27668 6622.65616 6592.67861 6565.18779 6540.02429 6517.02683 6496.03351 6476.88301 6459.41575 6443.47488 6428.90733 6415.56460 6403.30361 6391.98732 6381.48531 6371.67432 6362.43854 6353.67000 6345.26871 6337.14280 6329.20861 6321.39065 6313.62153 6305.84182 6297.99989 6290.05170 6281.96050 6273.69658 6265.23694 6256.56496 6247.67005 6238.54725 6229.19693 6219.62434 6209.83924 6199.85558 6189.69101 6179.36662 6168.90649 6158.33736 6147.68828 6136.99026 6126.27594 6115.57930 6104.93527 6094.37955 6083.94824 6073.67760
6949.69880 6891.78549 6837.65381 6787.20287 6740.31817 6696.87277 6656.72847 6619.73718 6585.74232 6554.58028 6526.08189 6500.07397 6476.38074 6454.82533 6435.23108 6417.42292 6401.22853 6386.47948 6373.01225 6360.66910 6349.29890 6338.75777 6328.90965 6319.62676 6310.78992 6302.28883 6294.02221 6285.89787 6277.83271 6269.75263 6261.59240 6253.29544 6244.81362 6236.10693 6227.14318 6217.89761 6208.35259 6198.49714 6188.32659 6177.84211 6167.05033 6155.96287 6144.59598 6132.97003 6121.10919 6109.04094 6096.79574 6084.40659 6071.90868 6059.33905 6046.73619 6034.13976 6021.59023 6009.12861 5996.79614 5984.63400
6871.34066 6814.33951 6761.25913 6711.98223 6666.37722 6624.29953 6585.59304 6550.09160 6517.62064 6487.99885 6461.03983 6436.55374 6414.34896 6394.23363 6376.01714 6359.51154 6344.53281 6330.90204 6318.44643 6307.00027 6296.40566 6286.51321 6277.18253 6268.28266 6259.69238 6251.30037 6243.00531 6234.71592 6226.35081 6217.83841 6209.11669 6200.13294 6190.84342 6181.21302 6171.21486 6160.82988 6150.04641 6138.85969 6127.27143 6115.28935 6102.92667 6090.20167 6077.13722 6063.76033 6050.10167 6036.19519 6022.07763 6007.78818 5993.36801 5978.85996 5964.30817 5949.75768 5935.25417 5920.84363 5906.57204 5892.48513
6793.65404 6737.78886 6685.96215 6638.03955 6593.87184 6553.29645 6516.13914 6482.21568 6451.33371 6423.29456 6397.89510 6374.92957 6354.19132 6335.47450 6318.57567 6303.29520 6289.43869 6276.81808 6265.25276 6254.57046 6244.60799 6235.21191 6226.23895 6217.55641 6209.04238 6200.58588 6192.08684 6183.45607 6174.61511 6165.49594 6156.04079 6146.20171 6135.94021 6125.22687 6114.04081 6102.36926 6090.20706 6077.55612 6064.42492 6050.82799 6036.78540 6022.32224 6007.46810 5992.25661 5976.72496 5960.91339 5944.86483 5928.62438 5912.23896 5895.75691 5879.22762 5862.70117 5846.22800 5829.85862 5813.64329 5797.63176
6717.36296 6662.83152 6612.43178 6566.01187 6523.40469 6484.42967 6448.89457 6416.59748 6387.32880 6360.87326 6337.01195 6315.52422 6296.18964 6278.78972 6263.10960 6248.93952 6236.07622 6224.32416 6213.49649 6203.41603 6193.91589 6184.84015 6176.04420 6167.39507 6158.77158 6150.06442 6141.17604 6132.02056 6122.52349 6112.62146 6102.26184 6091.40230 6080.01040 6068.06304 6055.54595 6042.45318 6028.78649 6014.55481 5999.77365 5984.46458 5968.65462 5952.37569 5935.66411 5918.56005 5901.10703 5883.35144 5865.34205 5847.12963 5828.76644 5810.30592 5791.80227 5773.31008 5754.88405 5736.57866 5718.44786 5700.54485
6643.23921 6590.20996 6541.37813 6496.57422 6455.61341 6418.29743 6384.41668 6353.75234 6326.07856 6301.16467 6278.77726 6258.68235 6240.64728 6224.44263 6209.84384 6196.63284 6184.59935 6173.54210 6163.26984 6153.60221 6144.37035 6135.41749 6126.59925 6117.78387 6108.85233 6099.69828 6090.22793 6080.35982 6070.02449 6059.16413 6047.73210 6035.69247 6023.01946 6009.69691 5995.71765 5981.08291 5965.80172 5949.89025 5933.37124 5916.27335 5898.63057 5880.48163 5861.86944 5842.84052 5823.44448 5803.73354 5783.76200 5763.58583 5743.26222 5722.84917 5702.40516 5681.98874 5661.65823 5641.47145 5621.48539 5601.75600
6572.09893 6520.70771 6473.54916 6430.43648 6391.16763 6355.52749 6323.29010 6294.22099 6268.07954 6244.62125 6223.60005 6204.77044 6187.88955 6172.71898 6159.02660 6146.58801 6135.18794 6124.62141 6114.69468 6105.22605 6096.04647 6086.99998 6077.94401 6068.74949 6059.30090 6049.49613 6039.24628 6028.47535 6017.11985 6005.12836 5992.46098 5979.08881 5964.99329 5950.16564 5934.60616 5918.32358 5901.33438 5883.66214 5865.33686 5846.39428 5826.87529 5806.82528 5786.29352 5765.33262 5743.99797 5722.34720 5700.43970 5678.33618 5656.09818 5633.78774 5611.46696 5589.19769 5567.04124 5545.05801 5523.30731 5501.84708
6504.79700 6455.14375 6409.72525 6368.33809 6330.76404 6296.77241 6266.12241 6238.56569 6213.84875 6191.71537 6171.90899 6154.17487 6138.26221 6123.92600 6110.92879 6099.04215 6088.04802 6077.73980 6067.92327 6058.41732 6049.05448 6039.68128 6030.15850 6020.36116 6010.17854 5999.51393 5988.28435 5976.42022 5963.86483 5950.57385 5936.51475 5921.66616 5906.01719 5889.56677 5872.32293 5854.30207 5835.52824 5816.03244 5795.85188 5775.02931 5753.61232 5731.65272 5709.20587 5686.33011 5663.08617 5639.53667 5615.74558 5591.77776 5567.69854 5543.57332 5519.46717 5495.44454 5471.56893 5447.90261 5424.50638 5401.43938
6442.21878 6394.36444 6350.71124 6311.04038 6275.11901 6242.70264 6213.53773 6187.36426 6163.91827 6142.93437 6124.14807 6107.29803 6092.12815 6078.38941 6065.84155 6054.25456 6043.40988 6033.10152 6023.13685 6013.33726 6003.53862 5993.59159 5983.36174 5972.72953 5961.59021 5949.85353 5937.44337 5924.29734 5910.36621 5895.61334 5880.01403 5863.55483 5846.23282 5828.05488 5809.03688 5789.20297 5768.58477 5747.22061 5725.15480 5702.43688 5679.12091 5655.26478 5630.92958 5606.17897 5581.07855 5555.69540 5530.09750 5504.35327 5478.53115 5452.69922 5426.92480 5401.27417 5375.81223 5350.60231 5325.70587 5301.18237
6385.26910 6339.23259 6297.32580 6259.31634 6224.95878 6193.99720 6166.16787 6141.20186 6118.82763 6098.77353 6080.77012 6064.55245 6049.86200 6036.44854 6024.07173 6012.50251 6001.52427 5990.93386 5980.54228 5970.17533 5959.67394 5948.89443 5937.70854 5926.00338 5913.68123 5900.65921 5886.86885 5872.25561 5856.77828 5840.40834 5823.12928 5804.93582 5785.83318 5765.83626 5744.96883 5723.26272 5700.75701 5677.49723 5653.53453 5628.92497 5603.72876 5578.00949 5551.83355 5525.26941 5498.38706 5471.25744 5443.95193 5416.54186 5389.09812 5361.69070 5334.38842 5307.25859 5280.36671 5253.77628 5227.54858 5201.74249
6334.85819 6290.61375 6250.38816 6213.93777 6181.00721 6151.33203 6124.64140 6100.66070 6079.11410 6059.72703 6042.22844 6026.35295 6011.84278 5998.44948 5985.93545 5974.07524 5962.65663 5951.48152 5940.36662 5929.14394 5917.66110 5905.78151 5893.38434 5880.36442 5866.63197 5852.11225 5836.74505 5820.48421 5803.29691 5785.16308 5766.07455 5746.03436 5725.05589 5703.16204 5680.38438 5656.76229 5632.34210 5607.17625 5581.32248 5554.84301 5527.80375 5500.27361 5472.32375 5444.02697 5415.45705 5386.68820 5357.79454 5328.84964 5299.92608 5271.09505 5242.42608 5213.98666 5185.84207 5158.05511 5130.68597 5103.79203
6291.88468 6249.35961 6210.70202 6175.65989 6143.97110 6115.36608 6089.57046 6066.30761 6045.30110 6026.27710 6008.96652 5993.10703 5978.44488 5964.73654 5951.75002 5939.26616 5927.07957 5914.99942 5902.85007 5890.47148 5877.71948 5864.46585 5850.59831 5836.02032 5820.65081 5804.42376 5787.28772 5769.20521 5750.15208 5730.11679 5709.09964 5687.11191 5664.17507 5640.31989 5615.58551 5590.01863 5563.67251 5536.60621 5508.88363 5480.57274 5451.74474 5422.47331 5392.83392 5362.90307 5332.75774 5302.47479 5272.13043 5241.79973 5211.55623 5181.47156 5151.61512 5122.05381 5092.85178 5064.07027 5035.76746 5007.99832
6257.21577 6216.28891 6179.03726 6145.20384 6114.52352 6086.72551 6061.53588 6038.68003 6017.88496 5998.88150 5981.40632 5965.20376 5950.02755 5935.64218 5921.82427 5908.36358 5895.06394 5881.74391 5868.23738 5854.39387 5840.07877 5825.17341 5809.57498 5793.19634 5775.96570 5757.82621 5738.73546 5718.66487 5697.59900 5675.53485 5652.48106 5628.45704 5603.49214 5577.62469 5550.90116 5523.37515 5495.10654 5466.16054 5436.60680 5406.51855 5375.97178 5345.04442 5313.81564 5282.36509 5250.77232 5219.11618 5187.47424 5155.92240 5124.53440 5093.38153 5062.53226 5032.05203 5002.00303 4972.44405 4943.43033 4915.01352
6231.66533 6192.16634 6156.10970 6123.23747 6093.28565 6065.98652 6041.07098 6018.27076 5997.32056 5977.96001 5959.93546 5943.00166 5926.92324 5911.47597 5896.44792 5881.64039 5866.86875 5851.96298 5836.76820 5821.14498 5804.96950 5788.13362 5770.54478 5752.12582 5732.81464 5712.56384 5691.34017 5669.12394 5645.90839 5621.69889 5596.51218 5570.37552 5543.32579 5515.40854 5486.67713 5457.19167 5427.01816 5396.22750 5364.89457 5333.09736 5300.91607 5268.43234 5235.72841 5202.88650 5169.98808 5137.11327 5104.34038 5071.74536 5039.40142 5007.37870 4975.74395 4944.56034 4913.88721 4883.78001 4854.29017 4825.46504
6215.97047 6177.68021 6142.55998 6110.35529 6080.80781 6053.65751 6028.64471 6005.51206 5984.00636 5963.88024 5944.89378 5926.81586 5909.42547 5892.51279 5875.88019 5859.34305 5842.73043 5825.88564 5808.66663 5790.94634 5772.61280 5753.56921 5733.73387 5713.04001 5691.43548 5668.88241 5645.35668 5620.84738 5595.35615 5568.89646 5541.49279 5513.17984 5484.00156 5454.01028 5423.26571 5391.83399 5359.78668 5327.19985 5294.15306 5260.72845 5227.00989 5193.08207 5159.02977 5124.93707 5090.88671 5056.95945 5023.23359 4989.78441 4956.68385 4924.00012 4891.79746 4860.13589 4829.07109 4798.65429 4768.93218 4739.94693
6210.76786 6173.41997 6138.93229 6107.05847 6077.55067 6050.16137 6024.64509 6000.76004 5978.26958 5956.94365 5936.56001 5916.90537 5897.77650 5878.98103 5860.33838 5841.68036 5822.85184 5803.71116 5784.13059 5763.99657 5743.20986 5721.68569 5699.35365 5676.15760 5652.05544 5627.01874 5601.03233 5574.09379 5546.21281 5517.41049 5487.71860 5457.17873 5425.84138 5393.76505 5361.01526 5327.66357 5293.78652 5259.46473 5224.78184 5189.82355 5154.67675 5119.42861 5084.16575 5048.97349 5013.93518 4979.13152 4944.64009 4910.53480 4876.88554 4843.75784 4811.21259 4779.30590 4748.08892 4717.60776 4687.90352 4659.01227
6216.57090 6179.85482 6145.65427 6113.73598 6083.86754 6055.81887 6029.36350 6004.27983 5980.35228 5957.37223 5935.13906 5913.46094 5892.15564 5871.05123 5849.98672 5828.81266 5807.39160 5785.59855 5763.32135 5740.46096 5716.93163 5692.66108 5667.59049 5641.67445 5614.88080 5587.19037 5558.59660 5529.10513 5498.73318 5467.50897 5435.47093 5402.66691 5369.15332 5334.99419 5300.26019 5265.02760 5229.37735 5193.39393 5157.16441 5120.77742 5084.32224 5047.88783 5011.56203 4975.43074 4939.57722 4904.08145 4869.01956 4834.46336 4800.47996 4767.13143 4734.47455 4702.56065 4671.43554 4641.13938 4611.70677 4583.16679
6233.74930 6197.31455 6163.01916 6130.64792 6099.98882 6070.83408 6042.98099 6016.23272 5990.39900 5965.29679 5940.75081 5916.59413 5892.66867 5868.82571 5844.92631 5820.84182 5796.45426 5771.65674 5746.35382 5720.46183 5693.90910 5666.63620 5638.59602 5609.75382 5580.08719 5549.58584 5518.25139 5486.09696 5453.14672 5419.43530 5385.00709 5349.91551 5314.22215 5277.99580 5241.31158 5204.24980 5166.89504 5129.33497 5091.65943 5053.95931 5016.32557 4978.84834 4941.61599 4904.71432 4868.22584 4832.22908 4796.79805 4762.00172 4727.90366 4694.56170 4662.02775 4630.34757 4599.56077 4569.70072 4540.79469 4512.86384
6262.51213 6225.97397 6191.17141 6157.91218 6126.00952 6095.28269 6065.55728 6036.66560 6008.44683 5980.74732 5953.42072 5926.32827 5899.33896 5872.32987 5845.18640 5817.80263 5790.08167 5761.93603 5733.28798 5704.06992 5674.22473 5643.70603 5612.47844 5580.51773 5547.81085 5514.35597 5480.16228 5445.24975 5409.64874 5373.39955 5336.55174 5299.16350 5261.30075 5223.03632 5184.44894 5145.62222 5106.64359 5067.60325 5028.59303 4989.70538 4951.03230 4912.66437 4874.68981 4837.19365 4800.25693 4763.95605 4728.36215 4693.54066 4659.55086 4626.44559 4594.27107 4563.06669 4532.86507 4503.69195 4475.56639 4448.50081
6302.89569 6265.84187 6230.09653 6195.49508 6161.88061 6129.10386 6097.02306 6065.50368 6034.41824 6003.64606 5973.07308 5942.59169 5912.10072 5881.50544 5850.71768 5819.65605 5788.24620 5756.42119 5724.12187 5691.29733 5657.90529 5623.91255 5589.29534 5554.03962 5518.14133 5481.60648 5444.45116 5406.70143 5368.39305 5329.57113 5290.28954 5250.61035 5210.60299 5170.34342 5129.91319 5089.39836 5048.88848 5008.47544 4968.25240 4928.31260 4888.74837 4849.65004 4811.10499 4773.19676 4736.00423 4699.60094 4664.05447 4629.42592 4595.76955 4563.13244 4531.55433 4501.06747 4471.69664 4443.45915 4416.36501 4390.41706
6354.75678 6316.75510 6279.61592 6243.20671 6207.40470 6172.09622 6137.17604 6102.54660 6068.11727 6033.80365 5999.52698 5965.21365 5930.79479 5896.20609 5861.38775 5826.28451 5790.84589 5755.02652 5718.78659 5682.09234 5644.91658 5607.23930 5569.04811 5530.33884 5491.11582 5451.39227 5411.19044 5370.54164 5329.48617 5288.07300 5246.35942 5204.41042 5162.29802 5120.10045 5077.90116 5035.78785 4993.85136 4952.18449 4910.88092 4870.03399 4829.73558 4790.07506 4751.13825 4713.00648 4675.75575 4639.45601 4604.17052 4569.95532 4536.85887 4504.92172 4474.17635 4444.64705 4416.34998 4389.29319 4363.47682 4338.89333
6417.77182 6378.37820 6339.38677 6300.70104 6262.23620 6223.91790 6185.68100 6147.46827 6109.22910 6070.91838 6032.49542 5993.92310 5955.16716 5916.19575 5876.97914 5837.48968 5797.70197 5757.59312 5717.14331 5676.33631 5635.16018 5593.60798 5551.67849 5509.37690 5466.71538 5423.71362 5380.39921 5336.80784 5292.98338 5248.97774 5204.85061 5160.66896 5116.50646 5072.44261 5028.56193 4984.95285 4941.70663 4898.91620 4856.67497 4815.07556 4774.20870 4734.16203 4695.01906 4656.85816 4619.75171 4583.76532 4548.95716 4515.37745 4483.06805 4452.06220 4422.38432 4394.04996 4367.06583 4341.42995 4317.13181 4294.15266
6491.44164 6450.20834 6408.90699 6367.48065 6325.88584 6284.09080 6242.07357 6199.82023 6157.32303 6114.57878 6071.58735 6028.35037 5984.87024 5941.14939 5897.18976 5852.99265 5808.55876 5763.88855 5718.98270 5673.84284 5628.47234 5582.87723 5537.06710 5491.05601 5444.86330 5398.51441 5352.04137 5305.48332 5258.88674 5212.30549 5165.80064 5119.44016 5073.29833 5027.45504 4981.99488 4937.00614 4892.57966 4848.80762 4805.78235 4763.59498 4722.33428 4682.08538 4642.92871 4604.93893 4568.18401 4532.72442 4498.61246 4465.89172 4434.59670 4404.75248 4376.37464 4349.46917 4324.03258 4300.05203 4277.50561 4256.36261
6575.10132 6531.58495 6487.52454 6442.90566 6397.72909 6352.00839 6305.76750 6259.03837 6211.85855 6164.26911 6116.31264 6068.03155 6019.46675 5970.65655 5921.63600 5872.43653 5823.08594 5773.60871 5724.02652 5674.35911 5624.62518 5574.84355 5525.03422 5475.21960 5425.42554 5375.68238 5326.02577 5276.49732 5227.14513 5178.02395 5129.19526 5080.72697 5032.69302 4985.17266 4938.24965 4892.01119 4846.54683 4801.94715 4758.30254 4715.70183 4674.23100 4633.97189 4595.00103 4557.38855 4521.19719 4486.48147 4453.28700 4421.64991 4391.59649 4363.14287 4336.29495 4311.04840 4287.38871 4265.29145 4244.72256 4225.63869
6667.93439 6621.70343 6574.45048 6526.20614 6477.01780 6426.94668 6376.06488 6324.45236 6272.19411 6219.37743 6166.08952 6112.41537 6058.43599 6004.22705 5949.85796 5895.39136 5840.88299 5786.38199 5731.93146 5677.56941 5623.32990 5569.24426 5515.34255 5461.65496 5408.21313 5355.05152 5302.20846 5249.72711 5197.65616 5146.05028 5094.97025 5044.48296 4994.66097 4945.58194 4897.32782 4849.98382 4803.63727 4758.37629 4714.28848 4671.45949 4629.97168 4589.90273 4551.32445 4514.30157 4478.89074 4445.13967 4413.08640 4382.75876 4354.17395 4327.33833 4302.24732 4278.88541 4257.22637 4237.23344 4218.85972 4202.04857
