数据测试/大区域-布格重力异常.grd
DSAA
760 610
45 70
-45 -25
114.3 591
[rows 0 to 34 of 610, columns 624 to 701 of 760]
480.8 482 483.1 482.5 480.4 478 475.8 473.5 470.9 468.5 467.2 467.2 467.5 467.9 469 469.9 469.9 468.2 463.6 458.2 454.8 454 455.3 456.8 456.8 455.2 453.6 452.8 452.7 451.9 450.5 449.4 448.9 449.2 449.3 447.5 443.4 440.9 441.1 442.9 443.1 442.4 442.1 442.3 441.5 440.6 438.9 434.9 432.2 431.4 431.3 431.3 432 433 432.4 430.2 427.4 424.7 423.7 423.9 423.4 421.9 420.8 420.4 420.6 421.6 423.7 425.9 426.7 425.5 423.4 420.7 417.3 415.5 415.5 416.5 418.2 420.5
484.5 485.5 485.6 484 481.6 479.4 478.1 477.2 476.2 475.1 473.7 472.3 470.7 469.7 470.2 471.2 471.4 470.1 465.7 458.7 454 452.9 454.8 458.1 459.6 458.7 456.3 454.9 455.1 455.8 455.2 454.2 453.9 453.6 453.2 451.2 448.6 446.5 446.7 446.9 446.3 445.3 444.9 444.9 444.5 443.7 440 434.1 430.9 429.5 428.2 427.3 427.5 429.4 431.5 431.2 428.7 425.6 424.4 424.4 424.9 425.8 426.3 426.1 426.4 426.3 426 426.2 426.7 426.1 425.5 423.9 421.2 418.3 416.8 416.8 417.9 420.2
488.4 487.8 486.6 484.6 481.8 479.4 478.5 479 480.2 480.6 479.5 477.5 474.7 472.2 472 472.9 472.9 471.8 467.7 461 455.8 454.5 457.6 461.6 463.2 462.6 459.5 456.5 455.8 457 458.2 458 458 457.5 456.4 454.7 452.1 450 449.1 448.5 447.9 447.3 447 446.9 446.9 444.7 438.1 432.6 429.5 427.3 424.9 422.8 422.9 425.5 430 432.4 432.1 430.4 428.9 428.6 429.2 430.1 430.3 431 431.2 430.6 428.5 426.5 425.8 426 426.1 425.8 424.4 421.5 419.3 418.5 419.6 421.6
489.4 488 486.6 484.8 481.9 478.9 478.5 480.2 482 482.5 481.6 479.1 475.5 472.5 471.8 472.2 472.4 471.5 468.6 463.8 459.6 458.8 462.1 465.4 466.2 465.7 462.4 457.7 455.5 455.9 456.7 457.6 458 458.6 458.3 456.7 454.2 451.7 450 449.6 449.2 449.1 448.7 448.9 448.7 444 437.5 433.3 430.3 427.2 424.2 421.7 421.9 425.4 430.9 435.3 437 436.2 435.2 434.7 434.1 433.7 433.1 434 434.7 434.2 431.8 428.5 427 426.9 427.5 427.5 427.3 425.3 422.4 421.7 422.3 424.1
488.7 487.8 486.7 485.5 483.4 480.6 479.5 480.5 482.1 482.7 481.1 477.6 473.6 471.1 470.3 470 470 469.8 468.9 466.8 464.2 463.6 465.8 467.6 468.1 467.5 464.4 459.2 456 455 455 455.2 455.8 457.7 458.7 458.1 455.9 453.3 451.7 451.2 451.3 451.3 451.4 451.1 449.3 444.3 439.4 435.7 432.9 429.8 427.1 425.2 425.7 429.7 435.3 439.3 440.8 440.8 440.3 439.8 438.4 436.7 435.8 436.3 437.2 437 434.7 431.7 429.8 429.5 430.3 430.3 430.2 428.5 425.5 423.9 424.2 425.8
487.7 487.2 487 486.4 485.9 484.2 481.2 479.5 479.7 479.9 478.5 475.3 472.2 470.5 469.6 468.9 468.9 469.6 470.3 470.2 468.3 467.2 467.2 467.6 468.2 467.7 465.3 461.2 457.5 455.8 454.6 453.7 454.4 456.2 458.3 458.9 457.2 455.2 453.9 453.5 453.7 453.2 452.9 451.8 449.1 445.5 441.3 438.2 435.9 433.7 432.1 431.4 432.8 436.7 441.1 443.1 443.2 442.7 442.8 442.8 441.8 440.4 439 438.8 439.2 438.5 436.7 434.5 432.8 432.7 433.8 433.5 432.9 430.8 426.9 424.4 424.2 425.7
487.4 487.3 487.8 487.7 487.8 485.5 480.1 475.7 474.3 475.2 476 475.4 474 472.2 470.9 469.9 470.3 472 473.2 472.9 471.2 468.5 466.8 466.2 466.6 467 465.7 463.5 460.6 458.4 456.1 454.4 454.1 455.4 458.2 459.7 458.7 457.4 456.5 455.4 454.2 453.1 451.9 450.2 447.8 444.5 441.3 438.8 437.7 436.9 437.4 438.6 441.4 444.6 446.3 445.3 443 441.8 442.2 443.5 444.1 443.3 441.6 440.4 440.1 439.5 438 436.7 435.7 436 436.6 436.2 435.7 433 427.7 424.3 423.6 425.2
488.2 488.3 488.5 488.9 488.2 483.9 476.7 471.8 470.7 472.4 476.1 478.9 478.9 476.4 473.3 471.6 472.3 474.5 475.1 474 472.2 468.9 466.5 465.6 466.4 467.2 467.1 465.6 463.6 461.5 459.4 457.5 456.4 457.4 459.4 460.7 460.4 459.9 458.7 457.3 454.7 452.7 451 448.4 445 441.2 438.1 436.8 437 438.6 440.9 444 447.2 449.3 448.7 445.2 441.3 439.7 439.9 442 443.8 444 442.7 441.3 440.8 440.4 440 439.4 439.1 438.5 438.1 437.7 437.7 435.3 429.8 426.2 425.3 426.8
486.3 487 488.1 488.4 486.9 482.1 476.2 472.6 472.1 474.8 479.5 482.9 482.7 479 474.3 471.8 472.5 474.8 475.3 474 472.4 470 468.4 468.3 469.4 470 469.8 467.7 464.4 462.3 461.7 461.6 461.2 461.3 462.1 462.3 462.7 462.3 461.3 460.1 457.3 453.4 450.4 446.4 441.9 438.1 435.4 435 436.9 440 443.6 446.6 448.9 449.6 448.3 444.9 440.9 438.5 438.6 440.4 442.8 443.8 443 441.8 441.2 441.5 442.2 442.5 441.9 439.8 438.2 437.9 438.7 438 434.7 431.4 430.5 432.3
482.5 482.8 484.1 485.1 484.7 482.9 480.8 479.4 479.1 480.5 482.7 483.7 482.6 479.2 474.5 472.3 473.4 475.1 475.2 474.1 472.7 471.8 471.7 472.7 473.6 473.7 472.4 469 464.4 461.9 463.4 465.2 465.4 465.6 465.3 465.2 464.3 463.5 462.4 462 459.3 454.4 450.1 445.8 441.6 438.2 436.6 437 439.7 443.2 446.1 448.1 448.9 448.7 447.9 445.6 442.4 439.8 439.2 440.6 442.7 444.4 444.1 442.8 441.9 441.5 442.1 442.8 442.1 439.8 438.2 438.5 439.9 440.8 439.7 437.7 437.1 438.9
480.4 479.4 479.8 480.8 482.1 484.3 485.9 485.7 484.8 483.9 482.9 482.4 481.8 479.5 476.6 475.5 475.9 476.2 475.3 474.2 473.2 473.1 473.4 474.6 475.7 475.3 473.6 470 464.9 463 465.5 467.7 468.4 469.2 468.5 466.4 464.6 463.2 462.1 461.4 459 454.8 451.1 447.4 444.5 442.3 441.4 441.7 443.3 445.4 447.2 448.4 448.7 449 448.4 447.2 444.8 442.7 441.4 442 444.3 445.9 446.1 444.8 442.9 441.7 441.1 441.1 441.1 439.9 439.3 439.9 441.6 442.7 442 440.5 440.2 441.1
480 478 477.1 477.5 479.8 484.1 487.1 486.7 485.5 484.2 482.4 481.8 481.7 480.8 479.6 478.9 478.3 477.3 476.1 474.8 473.8 473.2 473.6 474 475.1 475 473.6 471.1 467.2 466 467.9 469 470.3 470.9 469.4 466.7 464 461.5 460.1 459.7 458 455.4 452.5 450.4 448.8 447.9 446.7 445.9 445.2 445.8 446.9 448 448.8 449.3 448.9 447.9 446.7 445.2 444.3 444.9 446.7 448 448.2 447.2 445.5 443.5 441.8 440.8 440.8 440.9 441.3 442 443.2 443.4 442.1 440.3 439.5 439.6
482.1 478.5 476.4 476.5 479.5 484.1 486.7 486.5 485.4 483.5 482 482.2 482.6 482.2 481.4 480.6 479.5 478.6 477.4 476.1 474.3 473.3 473.3 473.5 474 474.3 473.6 472.4 470.6 469.7 470.1 470.6 471.2 470.8 469.2 466.2 462 458.1 457.7 458.1 458.1 456.6 454.8 453.9 453.8 452.8 451.1 448.4 446.6 446.2 447.4 448.7 449.4 448.7 447.4 446.4 446.3 446.5 447.4 449.1 450.2 450.6 450.7 450.9 449.1 447.1 444.3 442.7 442.2 443.1 444 444.5 445.1 444.6 442.8 440.6 439 437.9
487.1 482.3 479.4 479.4 482.6 486.4 487.2 486.1 484.4 482.6 482.3 483.4 483.5 482.7 481.7 480.4 479.5 479.1 478.9 477.8 475.8 474.3 473.7 473.7 473.4 473.7 473.6 473.5 473.1 472.7 472.5 471.9 471.1 470.3 469.2 465.8 460.9 457.8 457.9 458.5 458.7 458.2 457.4 457.7 458 457 453.9 450.5 448.8 448.4 450 451.8 451.7 449 445.8 444.4 444.9 446.9 449.7 452.4 453.2 452.2 452.4 452.7 452.3 450.1 447.5 445.4 444.9 445.7 446.7 446.9 447.1 447.1 445.8 443.7 441.2 438.9
488.8 485.6 483.3 483.9 486 487.5 486.6 484.2 482.8 483.1 484.1 484.3 483.2 481.8 480.4 479.3 479.3 479.9 480.4 479.9 478.4 476.5 475.4 474.1 473.3 472.8 472.8 473.4 474.6 475 474.5 473.2 471.7 470.7 470.3 468 464.1 461.1 460.4 460.3 460.3 459.5 459.5 460.1 460.8 459.2 455.9 453.4 452.2 453.2 455.3 457.5 456.9 452.6 447.7 445.1 445.3 447.6 450.8 453.6 453.9 452.4 451.7 452.1 452.2 450.9 448.9 447.6 447.3 447.9 448.4 448.4 449 449.8 449.8 448.3 445.7 442.6
486.1 484.6 484.2 485.3 486.6 485.9 483.3 480.9 481 483.7 485.3 484.4 483 481.4 479.8 479.4 480.1 481.1 481.7 481.3 479.8 478.2 476.4 475 473.9 472.9 472.8 473.8 475.6 476.9 476.5 475.1 473.7 472.7 472.1 470.9 468.5 465.8 463.2 461.8 461.2 460.8 461 462.1 462.5 461.1 458.8 456.6 456.6 458.3 461.2 462.8 461.8 457.8 451.9 448.1 447.3 448.7 451.6 454 454.2 452.7 451.4 451.5 451.4 450.7 449.5 448.5 448.7 449.1 448.8 449 449.5 450.7 451.4 450.8 448.9 446.1
482.4 481.7 482.8 485.1 486 483.5 479.4 477.1 478.7 483 484.9 484.1 483.4 482.1 480.9 480.9 481.7 482.8 482.8 481.5 479.9 478.2 476.8 476.4 475.8 475.1 474.9 476 477.4 478.6 478.3 476.9 475.8 475 473.9 472.4 470.6 468.6 465.6 462.9 461.6 461.6 462.6 463.8 464.5 463.8 462 460.3 460.5 462.1 464.8 465.7 464.4 460.5 454.9 450.9 449.4 449.9 452.6 455.3 456.2 454.8 453.7 453.1 452.5 451.6 450.4 449.4 449.5 449.3 448.6 448.4 448.6 449.2 450.3 450 449.3 447.3
480.4 480.9 483.9 486.4 486.2 483.3 478.7 476.1 478 481.9 484.2 484.9 485.1 484.4 483.5 483.5 484.3 484.8 484.3 482.4 479.9 478.1 477.6 478.2 478.8 478.7 478.8 479.1 479.5 479.7 478.9 477.9 476.4 475.2 474 472.7 471.3 469.9 467.9 465.3 463 462.8 464.1 465.8 466.4 466.4 465.8 464.9 464.2 464.3 464.7 464 462.2 459 455.5 452.7 451.4 451.8 454.5 457.8 459 458.8 457.7 456.6 455.4 453.7 452.2 450.7 450.1 449.2 447.9 447.3 447.1 447.6 448.3 448.7 448.8 448.1
483.3 484.3 487 488.3 487.4 485.1 482.1 479.9 480.2 482.3 484.4 486.1 487 486.5 485.5 485.4 485.8 486.2 485.7 483.7 480.9 478.9 478.6 480 481.3 481.8 481.6 481.1 480.4 479.4 478.8 477.6 475.1 472.1 470.6 470.5 470.9 471.1 470 468.3 466.2 465.3 465.9 467.3 468 468.3 468.6 468.6 467 464.7 462.3 459.8 457.9 456.2 454.8 453.8 453.5 453.8 456.7 459.7 460.9 461.1 460.3 458.9 457.2 455.2 453.1 451.5 450.4 449.2 447.9 447.2 447.3 447.7 448.4 449.1 450 450.2
488.5 487.9 488.4 489.1 488.7 486.9 484.9 483.6 483.2 483.9 485.3 486.3 486.9 486.7 485.7 485 485 485.6 485.9 484.4 482.4 481 480.5 481.4 482.3 482.3 481.6 480.9 480.1 479.2 478.8 477.8 474.4 470 467.5 467.4 469.5 471.9 472 470.9 469.3 468.1 467.6 468 468.9 469.2 469.3 469.6 468.1 464.8 461.6 458.8 457 456 455.5 455.2 455.2 456.1 458.2 460.3 461.3 460.5 459.2 457.9 456.7 455 453.5 452.2 451.3 450.6 449.7 449.1 448.9 449.1 449.7 450.6 451.8 452.8
491.1 489.4 488.9 489.3 489 487.6 486.1 485.5 485.3 485.4 485.9 486.3 486.3 486.4 486 483.8 482.4 483.5 485.4 485.7 484.6 483.3 482.7 482.4 482 481.1 480.4 480.1 480.1 480 479.8 479.1 476.1 471 467.3 466.3 468.5 472 473.5 473 471.6 470.3 469.4 469.3 469.5 469.3 469.2 468.7 467.8 465.8 463.6 461.4 459.8 458.9 458.3 457.9 457.8 458.8 460.1 461.2 461.1 459.2 457.2 455.5 455.2 454.9 454.3 454.1 453.8 453.7 453 451.7 450.7 450 450 450.9 452.6 453.9
491.9 490.3 489.7 489.9 489.2 487.9 486.7 486.2 486.1 485.8 486.1 486.6 486.6 486.8 486.3 483.3 480.4 481 483.6 486 486.5 485.5 484.1 482.9 481.4 480.1 479.8 480.3 481.1 481.4 481.2 480.2 478 473.2 468.7 466.6 467.7 471.1 473.7 473.9 473.3 472.5 471.8 471.6 470.9 470.3 468.8 467.3 466.4 466 465.4 464.7 463.8 463.1 462.1 461 461.1 461.8 462.6 462.6 461.7 459.2 456.2 454.4 454.4 455.3 455.9 456.7 457.1 456.7 455.5 453.7 451.9 450.2 449.3 450.4 452.2 453.7
492.8 491.7 491.5 491.7 491 489.4 488 487.3 486.6 486.2 486.3 486.7 487.2 487.3 486.8 484.1 480.4 479.5 480.6 483.2 486 486.2 484.5 482.8 481.4 480.5 480.8 481.8 482.5 482.7 482.1 480.6 479 475.8 471.9 468.4 467.4 469.5 472.2 473.5 473.7 474 473.8 473.8 473.1 471.7 468.9 466 465.2 465.5 466.3 466.9 467.1 466.5 465 463.4 463 463.6 464.5 464 462.8 460.3 457.2 455.1 454.9 456.1 457.6 458.8 459 458.3 456.8 455 453.1 450.9 449.6 450.1 451.7 452.7
494.2 493.7 493.5 493.6 493.1 491.5 490.1 489.4 488.5 487.6 487.1 487.3 487.9 487.9 487.7 485.9 481.9 478.8 478.2 480.1 483.6 485.3 484.7 483.6 483 483.2 483.6 483.8 483.1 481.8 480.6 480.2 479.7 478.6 476.3 472.8 470 470.2 471.7 472.7 473 473.8 474.6 474.9 474.5 472.8 469.9 466.8 465.8 466.1 466.9 468.1 468.1 466.8 465 463.2 462.2 462.2 463.6 464.2 463.5 461.6 459.1 457.1 456.6 457.4 458.8 459.5 459.1 458.2 457.4 456.5 455.3 453.8 452.2 451.6 452.1 452.3
494.9 494.2 493.5 492.9 492.3 491.7 491.3 491.3 491.2 490.3 489.1 488.6 488.5 488.4 488.2 487.3 484.1 480.2 478.6 479.8 482.4 484.6 485.2 485.3 485.3 485.7 485.7 484.3 481.5 478.6 477.2 478.5 480.2 480.8 479.8 477.7 475.1 473.9 474 473.7 473.8 473.9 474.5 475 474.8 473.5 471.6 470 468.8 468.3 468.3 467.9 466.7 465.2 463.6 462 460.7 460.3 461.4 463.1 463.3 462.4 460.6 459.1 458.5 459 459.7 459.6 458.8 457.9 458.1 458.6 458.6 457.7 456.1 454.3 453 452.4
494.5 493.5 492.3 491.2 490.4 490.7 491.3 492.1 493 492.5 490.8 489.4 488.8 488.8 488.4 487.7 486 482.9 481 481.5 482.8 484.1 485 485.9 485.9 485.4 484.6 482.5 479.3 476.4 475.6 477.4 480.3 481.8 481.9 480.8 478.9 477.4 476.7 476.2 475.5 475.1 475 475 474.7 473.9 473.6 472.9 472.1 470.8 469.1 467 465.2 464.2 463.5 462.3 461.2 460.7 461.2 462.4 463.2 462.9 461.9 460.8 460.3 460.7 460.6 460.1 459 458.6 459.3 460.6 461.2 460.6 458.7 455.5 453 452.2
493.8 492.7 491.6 490.9 490.6 490.9 491.5 492.5 493.5 493.3 491.5 489.6 488.4 488.4 488.5 488.1 487.1 484.9 483.1 482.9 483.1 483.1 483.4 484.3 484.3 483 481.8 480.3 478.4 477.3 477.5 478.5 480.4 481.9 482.4 481.7 480.3 478.9 478 477.6 477.1 476.5 476.1 475.4 474.7 474.5 474.8 475 474.2 472.2 469.2 466 464.9 465.1 465.2 464.5 463.6 463 462.8 463.2 463.7 463.5 463 462 461.8 461.7 461.4 460.4 459.6 459.5 460.6 461.5 462 461.4 459.2 455.5 452.8 452.1
492.8 491.9 491.6 491.7 491.8 491.9 492 492.3 493 492.8 491.5 489.7 487.5 486.7 487.1 487.5 486.8 485.3 484.6 484.5 483.8 482.6 482.3 482.8 482.7 481.6 480.3 479.8 479.9 480.4 481 481.2 481 481.4 481.7 481 479.6 478.1 476.8 476.9 477.5 477.7 476.9 475.7 474.7 474.7 475.5 476.3 475.3 472.7 468.6 466 466.3 467.9 468.7 468.1 467.2 466.2 465.4 465 464.6 463.8 463 462.3 462.2 462.2 461.8 460.9 460 459.7 459.8 459.8 459.8 459.6 458.2 455.6 453.5 453
492.4 491.9 492.4 492.9 492.8 492.5 491.7 490.9 491.2 491.6 491.1 489.8 487.6 486.2 485.8 485.4 485 485.2 486 486.6 485.7 484.3 483.5 483.6 483.5 482.6 481.3 481.2 481.9 482.7 483.2 482.5 481 480.3 480.5 480.1 478.9 476.9 475 475.1 476.5 477.6 476.7 474.7 473.6 474.2 475.5 476.5 475.6 472.9 469.2 467.9 469.5 471.5 471.9 471.1 469.9 469.2 468.6 467.7 466 464.1 462.7 462.3 462.4 462.9 462.8 462 460.6 459.5 458.2 457 456.8 457.4 457.8 456.9 455.6 455.4
493.6 493.3 493.7 493.8 493.5 492.6 490.3 488.4 488.5 489.9 490.5 490 489 487.9 486.7 484.9 484.2 485.6 487.1 487.5 487.3 486.3 485.2 485.1 485.5 484.5 482.8 481.6 481.2 481.6 481.6 480.6 479.3 479.1 479.9 480.5 479.6 477.6 475.5 475 476.2 477 476.1 473.6 472.4 473.4 475.1 475.9 475.3 473.4 471.6 470.9 472.5 473.7 472.9 471.3 470.5 470.8 470.8 470.1 467.7 464.9 463.4 463 463.6 464.5 465 464 462.4 460.3 458.3 456.9 457.1 458.4 459.8 459.6 458.5 458.2
495.9 495.4 495.1 494.5 494 492 488.7 486.6 486.7 488.1 489.4 490 490 489.6 488.6 486.5 485.4 486.4 487.5 487.8 487.8 486.3 484.7 485.1 486 485.1 482.6 479.9 478.3 478.1 477.9 477.8 477.8 479.3 481.1 481.7 480.8 479.2 477.3 476.5 477.1 477.3 476.1 474.2 473.1 473.8 475.2 475.6 475.4 474.4 473.4 472.9 473.7 474.2 472.7 470.5 470 471 472 471.5 469 466.2 464.8 464.8 465.7 466.8 467.2 466.2 464 461.8 460.1 459.7 460.7 462.3 463.3 462.6 460.8 460
497.5 497.2 496.3 495.4 493.8 490.7 487.9 487 487.2 487.6 488.6 489.9 490.4 490.7 490.2 488.3 486.9 487.2 487.7 487.7 486.4 484 482.7 483.4 484.7 484.3 481.6 478.6 476.8 476.2 476.1 476.8 478.3 480.9 482.9 483.3 482.2 480.2 478.5 478.1 478.4 478.5 477.6 476.7 475.8 476 476.4 476.4 476.1 475.6 474.8 474.2 474.4 474 472 469.8 469.1 470.4 471.8 471.6 469.5 467.5 466.8 467.3 468 468.7 468.5 467.1 464.7 462.9 462.3 463.3 465.2 466.5 466.4 464.5 462 460.7
497.4 497.4 496.7 495.3 492.1 489.4 488.8 489.7 489.8 489 488.8 489.4 490.3 491 490.8 489.2 487.4 486.9 486.8 485.9 483.9 482 481.5 482.6 484.3 484.4 482.6 480.7 479.6 479.1 478.9 479.5 481 482.9 484.3 484.5 483.3 480.5 479.1 479 479.5 480.1 480 479.5 479.2 478.8 478.3 477.5 476.9 476.7 476.1 475.9 475.2 474.1 472 469.8 468.8 469.5 470.1 470 469.2 468.6 468.8 469.3 469.1 468.8 468 466.4 464.5 463.5 463.9 465.8 467.7 468.2 466.9 464.6 462.2 461.3
496.9 496.8 496.4 493.6 489.9 488.7 490.2 491.9 491.9 490.3 488.8 488.4 489 489.9 490.1 488.9 486.9 485.5 484.6 483.4 482.5 482.2 482.5 483.8 485.3 485.8 485.3 484.9 484.9 484.9 484.6 484 483.8 484.2 484.5 484.6 483.1 480.3 479.1 479.4 480 480.9 481.3 481.1 481 480.4 478.8 477.6 477 476.9 476.8 477.2 476 474.5 472.9 471.3 469.9 469.7 469.2 468.7 468.9 469.3 469.5 469.4 468.5 467.6 466.8 466.1 465 464.3 464.9 466.3 467.2 466.6 465.3 463.9 462.7 462.3
497.7 497.5 496.3 492.1 488.6 488.6 490.5 491.8 491.6 489.9 488.2 487.3 487.4 488.4 489.2 488.6 486.7 484.5 482.6 482.1 482.4 483.3 484.3 485.3 485.7 486 486.6 487.5 488.1 488.2 487.9 486.6 485.1 484.1 483.8 483.3 482.2 480.4 479.6 479.9 480.4 480.8 481.1 481 481.1 480.4 478.3 477 476.6 476.9 477.5 477.7 476.8 475.3 474.1 473.1 471.7 470.9 469.7 468.9 469.3 469.9 469.7 469 467.9 467.1 467.1 467.2 466.9 466.3 466.1 466.2 465.8 464.8 464 463.6 463.7 463.7
