数据测试/大区域-布格重力异常.grd
DSAA
760 610
45 70
-45 -25
114.3 591
[rows 560 to 594 of 610, columns 390 to 467 of 760]
534.9 533.4 532.8 533.6 534.9 535 534.6 534.1 529.4 526.4 530.1 533.1 533.3 531.9 530.1 529.7 530.3 530.2 530.3 531.1 531.3 533.2 537.8 542.4 542.9 539 529.7 527.4 528.3 528.4 530.4 529.9 534.6 539.5 537.9 532.2 529.7 531.1 528.4 524.9 523.8 523.5 523.9 523.3 523.7 527 530.9 531.6 531.9 534 537 538.6 536.8 533.4 530.8 530.5 531.4 531.5 531.4 531.5 532 532.1 533.1 533.9 533.4 533.4 534.6 534.2 532.6 533.3 533 530.9 529.6 528.6 527.3 525.9 525.1 525.2
534.1 532.8 532.2 533.1 534.9 535.5 534.8 534.9 534.4 532.9 533.3 534.2 534 531.9 530.4 530.9 532 531.5 531.7 532.5 533.4 535.5 538.8 542.5 544.8 544 537 529.2 526.4 526.4 531.8 535.3 535.4 538.8 538.5 535.5 533.2 532.9 531.1 528.3 524.1 522.1 521.9 521.9 524.6 528.8 530.8 531.1 531.2 533.2 535.8 536.3 534.1 531.5 530.2 530.1 531.1 531.9 532.9 533.3 533.5 533.1 533.6 534.7 535.1 534.4 536 537.6 535.8 534 533 531.1 529.3 528.6 528.2 527.6 526.8 525.7
533.3 532.6 532.3 533.4 535.7 537.2 537.6 536.7 535.5 535.4 535.4 535.3 534.3 532.1 531.5 532.6 533.3 533.6 533.8 534.4 535.4 536.8 538.7 540 544.7 548.7 551.2 565.4 522 513.2 531.9 538.3 537.4 537.2 537.3 536.2 537 537.2 536.7 533.5 526.9 521.9 519.9 521.2 525.4 530.6 532.1 531.1 531.5 533.2 536 536.3 534.8 532.8 531.2 530.3 530.6 532 533.2 533.9 533.6 533.7 534.4 535.6 535.9 534.2 533.5 535.1 535.4 534.5 534 533 531.5 530.4 530 529.4 528.2 526.6
532.7 532.3 532.9 534.4 536.1 537.5 538 536.4 535 536 537 535.6 533.7 532.2 532.5 533.8 534.7 535.4 535.6 535.4 536.2 537.2 535.9 535.1 536.9 537.3 533.5 566.5 550.8 509.8 523.4 532.4 535.8 537.2 536.6 536.5 537.6 539.9 542 540.5 534.8 527.6 524.3 526.2 530.6 533.3 532.7 531.7 531.7 532.9 534.2 534.8 534.6 533.3 532.2 531.3 531.6 532.7 533.1 533.3 533 532.9 533.9 535.1 535.4 533.8 532.8 533.4 533.2 533.3 533.8 533.3 532.2 531.1 529.9 528.8 527.9 526.5
532.8 532.2 533.5 535.6 537 535.8 534.5 534.4 533.7 533.7 534.9 535 533.6 531.1 531.3 532.8 535.4 537.8 537.9 535.8 534.5 534.3 533 532.4 533.9 529.2 517.1 530.9 559.6 531.7 517.9 527.7 534.2 535.9 534.8 534.1 534.4 536.4 539.2 541.1 539 535.3 533.7 535.2 537.1 536.6 533.5 531.5 530.7 530.7 531.4 532.6 533.2 532.9 532.5 532.3 532.7 533 532.6 532 531.7 531.7 532.6 534.2 533.3 532.9 533.8 532.7 530.8 530.5 531.1 531.1 530.3 529 527.2 526.3 526.3 526.2
531.9 531.7 533.2 535.7 537.8 535.3 533.2 534.4 534 531.5 531.9 534.8 534 531 529.6 531 534.8 538.1 538.1 535.7 533.5 533.2 532 532.6 536.9 536 526.5 521.7 537.5 538.5 524.6 527.1 533.3 535.1 533.3 532.9 532.3 532.3 534.3 536.3 536.9 537 537 538.2 538.8 536.6 533.5 531.4 530.5 530.4 530.6 531.9 532.8 532.7 532.3 532.4 532.7 532.4 531.9 531.6 531.5 531.6 532.2 532.7 531.4 532.4 534.1 531.9 529 528.2 528.5 528.8 528.1 526.8 525.3 524.4 525.2 525.8
531 531.3 531.6 532.9 535.4 534.9 533.6 534.6 534.8 533.8 533.5 535.5 535.6 533.6 531.6 531.2 533.6 536.1 536.2 535.5 536.1 536.6 533.8 532.8 533.4 535.2 533.9 527.6 529.3 538.2 535.6 532 533 533.4 532.6 532.9 532.8 532.3 532.4 533.1 533.5 534.5 536 537.4 537.7 536 534.2 533.1 531.7 531.1 531.4 532 532.2 531.1 530.6 531.3 531 530.3 530.5 531.2 531.5 532 532.9 532 531.3 532.9 533.2 531 528.6 527.3 527 527.2 527.1 526.1 524.9 524.5 525.6 525.9
531.1 532.7 532.8 529.7 530.9 534 533 532.8 534.4 536.9 537.5 537 536.9 537.6 537.1 534.8 534 534.6 535.3 536.5 540.2 542.4 537.6 533.2 531.6 530.9 531.2 529.1 530.8 536.2 539.2 537.4 534.4 533.7 533.6 533.2 533.5 533 532.2 531.5 531.2 531.6 533.2 534.2 534 533.5 533.2 532.8 532 531 530.8 530.6 529.4 527.9 528.3 530.1 529.8 528.3 528.2 529.8 531 532.7 533.9 532.9 532.7 532.9 531.8 530.3 528.9 528.3 527.9 527.4 526.9 526.2 525.6 525.7 526.3 526.1
531.3 533.1 534.8 531.9 530.6 533 532 531.2 534.2 538.2 538.2 536.1 536.2 538.5 540.2 538.2 535.4 534.5 535.2 537 540.4 542.8 540.6 535.7 533.8 531.9 530.7 529.6 530.5 532.8 535.8 536.2 534.3 534.8 535.1 535.8 535.4 533.9 532.9 531.1 529.7 529.7 530.1 530 529.3 529 529.9 530.6 530.6 529.9 528.8 528.3 527.3 526.3 529.4 532.9 532.3 529 527.5 528.7 530.4 532.7 534 533.3 532.2 530.8 529.5 529.1 529.6 529.8 529.4 528.3 527.1 526.2 526 525.8 525.3 524.3
531.9 531.7 534.4 536.1 533.9 532.3 531.3 530 533.6 538.1 537.1 534.6 534.1 535.6 537.6 537.6 536 535.1 535.1 536.4 538.4 539 539.4 536.9 535.7 534.1 532.8 531.3 531.2 532.7 533.4 533.5 532.3 533.9 534.9 536.3 535.9 535.2 533.8 531.1 528.9 528.4 528.4 527.9 527.1 526.6 527.4 528.7 528.9 528.2 527.3 527.2 526.5 528 534.1 538.3 536.8 531.8 528.3 528.4 530.2 532.2 532 530 528.6 527.5 527 527.5 528.9 529.6 528.9 527.3 525.7 524.8 524.7 524.5 523.7 522
532 532.7 534.7 536.8 535.9 533.7 531.9 530.5 533 536.5 536.7 534.3 532.8 533.3 534.3 535.3 535.5 535.5 536 536.5 536.7 536.1 536.5 536.6 536 535.6 534.4 533.1 533 534.1 533.6 533.3 535.1 536.3 534.8 533.7 533.5 534.1 533.2 531.3 528.3 526.8 526.3 526.1 525.5 525.3 525.9 527 527.5 527.1 526.8 527 526.9 530.2 537.1 541.6 539.7 533.6 529.3 528.8 530.4 531.6 529.5 525.7 525.5 526.3 526 526.8 527.8 528.3 527.4 525.5 523.7 522.6 522.4 523 522.9 521.6
532.5 534.9 536 536.4 536.4 535.9 535 534 533.5 535.3 537 534.4 531.9 532 532.8 534.1 535.3 536.2 536.9 536.9 535.5 535.1 534.7 535.8 536.3 536.8 535.8 535.1 534.4 534.1 533.2 532.8 535.9 536.1 532.7 530 530.6 531.4 531.5 530.1 527.4 525.2 524.3 523.9 523.2 523.6 524.7 527.1 528.3 527.5 527 527.1 527.7 531.1 537.3 541.2 540 534.6 529.6 528.2 529.4 530.4 528.8 525.8 526.4 527.9 527.8 527.8 528 527.6 526.3 524.6 523 521.9 521.3 521.5 521.7 520.8
534.9 536 536.6 536.7 537.2 537.5 537.2 535.5 533.7 535.2 536.6 533.8 531.1 530.3 531 533 535 536.5 536.9 537 535.8 535.3 534.8 535.7 536.7 537.2 536.4 535.6 534.4 533.3 531.9 531 532.3 531.5 529 527 527.9 528.7 529.1 528.1 526.4 524.4 523.4 523.2 522.8 523.2 525 529 530.6 528.8 527.5 526.8 527 528.8 533.7 537.9 538.3 534.2 528.8 526.3 527.3 529 529.3 529 529.8 530.7 530.5 529.8 529.1 527.6 526 524.7 524 523.5 522.3 521.2 521 519.6
537.5 536.6 537.4 537.1 537.5 537.5 537.1 534.7 532.7 532.8 532.9 531.7 531 530.2 529.8 531.6 533.4 535.2 535.9 535.9 536 535.4 534.8 535 535.3 535.4 535 533.7 532.8 531.8 531.2 531.1 532.6 531.6 528.4 526.9 526.3 527 527.3 527.5 527 525.4 524.6 524.4 524.4 524.7 527.3 529.9 529.8 528.2 527.2 526.3 525.1 525.3 528.6 533.2 535.3 533.2 528.9 526 526.3 528.6 530.8 532.1 532.8 532.6 531.3 530 528.8 527.6 526.4 525.4 525.5 525.6 524.3 522.9 521.7 519.6
539.3 538.3 537.8 537.1 536.9 536.8 536.4 534.5 531.9 530.5 530.5 530.6 530.7 530.2 529.3 530.4 531.6 533.2 534.7 534.9 535.1 534.2 533.7 533.5 533.5 533.1 532.5 531.4 531.2 530.8 531.1 532.5 533.7 531.7 529 528.4 526.9 527.3 527.8 528.7 528.5 526.9 526.2 525.6 525.6 526.5 528.3 528.4 526.9 525.8 525.9 525.3 523.6 524.1 526.6 530.3 533 533 530.5 527.7 527.5 530.1 532.6 533.4 533.4 532.5 530.1 528 527 526.6 526.2 525.8 526.1 526.1 525.3 524.1 522.8 520.7
540.3 539.9 537.3 536.7 536.4 536.7 536.1 534.6 532.6 531.7 533 533.7 532 530.9 531.7 531.5 530.1 530.4 532.6 533.8 534 533 532.6 532.7 532.6 532 531.3 530.6 530.6 530.4 530.4 531.7 532.6 531.5 530.5 529.7 528.3 528.5 529.4 530 528.9 527.4 526.7 526 526 527.2 528.4 527.5 525.1 524 524 523.6 523.6 525.1 527.2 529.8 532.1 533.1 531.8 529.9 530 531.7 532.7 532.5 532 530.8 528.2 526.1 525.6 525.9 525.8 525.7 525.6 525.4 525.2 524.5 523.3 521.7
538.2 537.6 536.7 536.3 535.9 536.1 536.1 534.9 533.3 533.7 536.3 536.9 534 533.6 536.9 534.3 529.3 528.3 529.9 531.6 531.9 531.6 531.3 531.8 531.7 531.3 530.9 530.3 530.4 530 529 529.2 530.8 533.3 533.2 530.4 528.8 529 529.8 529.4 527.9 526.9 526.4 525.8 525.9 528 529.7 528.7 525.6 523.8 523 524 526.5 528.8 529.4 530 531.2 532.1 532 530.8 529 529 530 530.4 530.4 529.2 526.7 524.9 524.7 525.5 526.2 526.2 525 524 524.1 524.3 523.8 522.8
533.6 533.9 536.8 536.7 535.8 535.8 536.1 534.8 533.6 534.5 536.5 535.3 532 532 535.1 533.6 529.8 531.2 532.7 531.4 529.4 529.5 529.7 530.5 531.3 531.6 531.4 530.8 530.2 529.4 527.9 527 527.7 531.9 534.2 531.3 529.4 528.7 528.6 527.4 526.5 525.5 525.3 525.2 525.5 527.8 529.6 529.8 527.8 525.7 525.1 527.2 531.1 533 531.5 529.8 529.8 530.1 530.7 529.1 525.4 525.1 527.9 529.7 530.1 528.7 526.2 524.8 524.7 525.3 526.2 526.4 525 523.7 523.7 524.2 524.3 523.4
532.3 534.2 537.4 537.3 536.3 536.6 537.1 535.8 534 534.3 534.8 532.6 529 527.8 528.6 529.7 530 535.5 539.2 534.3 528.9 528.5 529.1 529.9 531.4 533.2 533.8 532.6 530.1 528.5 527.3 526.6 526.5 530.3 534.8 533.4 531.2 528.5 527.4 526.5 525.6 525 525 525.3 525.6 525.9 527.2 529.1 528.9 527.3 526.6 528.4 532.3 533.6 531 528.6 529 529.8 530.3 528.6 525.7 526 529.8 531.5 530.9 528.8 526.5 525.4 525.2 525.2 525.8 525.9 525.5 525 525.3 525.7 524.7 523
533.6 535.9 537 537.1 536.8 537.5 538.5 537.8 535.5 534.6 534.2 532.4 528.9 526.9 527.1 527.9 528.9 535.2 541.5 536.5 530.1 529.2 529.9 530 531.1 533.3 534.5 532.9 530.7 529.2 528.6 528.2 528.3 530.1 532.6 533.3 532.2 528.6 526.8 526.8 526.1 525.8 526 525.9 525.9 525.1 525.4 527.1 527.6 526.4 525.1 526.6 529.7 530.9 529.1 527.6 528.6 530 531.4 531.2 528.8 529 532 533 531.7 529.1 526.6 525.2 524.7 524.7 525.1 525.9 526.6 526.9 527.2 527.5 525.9 523.2
534.8 538.3 536.6 535.7 536.1 537.1 539.3 539.6 537.7 536.5 535.8 533.9 530.6 527.6 527.8 528.9 529.8 534.6 540.5 536.9 531.5 530.6 530.5 530.3 530.6 531.4 532.7 531.8 531.4 531.2 532.1 531.8 530.8 529.2 528.7 530.9 531.7 528.5 526.4 526.6 526.5 526.3 526.5 526.4 525.7 525.1 524.8 524.8 525.3 524.3 523 523.8 526.4 527.3 526.2 525.8 526.8 528.1 531.1 532.8 530.9 531.3 533.3 533.6 531.9 529 526.3 524.6 524 523.8 524.4 526.1 527.8 529 529.8 529.6 528.1 525.4
536.7 540.8 536.5 533.9 534.2 535.6 539.5 540.7 538.9 537.4 536.9 535.8 533.4 529.9 528.9 530.4 532.9 536.4 538.5 535.7 532.3 531 530.4 529.9 530.2 530.5 531.3 530.9 530.5 531.6 533.6 534 531.7 528.8 529.2 531.5 531.6 528.1 525.8 526 525.6 525.8 525.9 526.1 525.6 525.4 524.6 523.9 524.3 523.3 521.7 521.7 523.3 523.7 522.3 521.6 522.2 525.1 530.3 532.5 531.4 532.4 534 533.8 531.7 529.1 526.8 525 524.1 523.7 524.3 526.2 528.4 530.3 531.6 531.9 530.8 529.7
536.3 538.6 535.6 534.4 534.6 535.8 539 539.7 537.6 535.6 535.4 536.3 536 533.6 531.2 530.6 532.8 535.1 535.3 533.9 532.5 531 530.1 529.7 529.9 530.5 530.5 530.1 528.9 529.4 531 531.9 529.8 528.2 530.3 532.9 531.4 527.5 525.3 525.2 525 524.8 524.2 524.6 525.4 526 525.3 525.3 525.9 524.8 522.5 522 522.4 522.1 520.1 518 517.1 519.4 524.9 528.2 528.8 530.4 532.2 532.1 530.8 529.3 528 527 526 524.8 524.8 526.1 528.1 529.8 530.7 531.4 531.5 532.2
535.9 535.7 535.8 536.6 536.7 537 538.4 538.6 536.2 533.8 533.3 535.3 536.2 535.6 532.9 530.9 531.2 533.5 534.7 534.1 533.7 531.4 530.1 529.9 530.1 531 530.5 529.4 528.1 527.1 527.8 529.2 528.6 528.4 530.4 532.7 530.5 527.1 525.3 524.9 525 524.4 523.3 523.4 524.9 525.9 526.3 527 528.2 527.1 524.7 523.1 522.9 522.5 520.6 518.1 515.7 513.4 514.7 519.2 523.3 526.6 529.3 530.1 529.6 529.1 528.8 528.9 528.1 526.4 525.4 525.6 526.9 528.3 529.1 529.4 530 531.2
535.1 535 535.4 536.4 537.3 537.3 537.5 538.4 536.7 533.8 532.6 533.6 535.3 535.8 533.8 531.8 531.6 533.9 535.1 535.9 536.3 533 530.5 530.4 530.8 531 530.5 529.2 527.8 526.9 527.2 528.5 529.6 529.9 530.7 530.5 529.2 527.3 525.8 526.2 527.1 525.6 523.9 523.5 524.6 525.4 525.7 526.6 528.5 527.9 526.1 524.4 523.7 522.8 521.3 519.9 518.1 517.3 515.1 514.8 519 523.1 526.4 528.7 529.2 529 529 528.6 527.8 526.5 525.2 525.3 526.4 527 527 527.5 528.8 530.8
532.7 535.1 534.9 535.6 537 536.5 536 536.9 537.2 535 532.6 532.7 534.4 535.2 534.3 532.4 531.6 533.2 534.8 537.1 537.6 534 531.2 530.7 530.9 530.4 530.1 528.7 527.5 527.5 527.8 529.1 531 531.2 531 529.9 530.2 528.9 527.2 528.3 529.8 527.8 525.2 524.2 524.3 524.3 524.3 525.3 527.5 527.5 526.8 526 524.4 522.6 522.5 521.7 519 522.8 521.5 515 515.8 520.4 524.5 527.5 528.6 528.3 527.5 526.7 526 525 524.3 525.6 527.4 527.6 526.6 526.2 527.5 530.4
534 535 535.8 536 535.8 534.2 533.5 534.6 537.5 537.3 535 533.1 533.2 533.9 533.6 532.3 531.4 531.7 533.4 534.1 533.7 532.7 530.9 530.9 530.1 529.6 528.7 528.1 528.2 528.7 529.3 531 532.4 532.6 531.7 532 533.1 530.5 528.3 528.6 529.9 529 526.9 525.2 524.4 523.4 523.6 524.8 526 526.4 526.1 525.3 523.4 521.4 524.2 526.5 521.3 520.3 520.1 515 514.6 519.6 524.3 527.1 527.9 526.8 525.2 524.5 524.2 523.8 524.1 526.3 528.8 528.8 527.7 527.1 527.7 530
534.7 533 534.7 534.9 533.7 532.3 532.3 533.9 537.6 539.7 538.5 534.6 531.7 531.4 531.9 532.2 531.5 530.6 531.4 531.7 531.1 530.9 530.8 530.6 529.9 528.8 528.2 528.4 529.4 530.1 531.9 533.1 533.5 532.8 531.9 530.9 531.3 530.2 528.9 528.2 528.5 528.5 527.5 526.3 524.9 524.1 524.3 525.4 525.1 524.7 524.1 523.6 522.1 519.9 524 534.8 532.9 524.7 520.3 516.3 516 520.5 524.9 527.2 527.5 526.4 525 524.2 523.9 523.8 524.3 526.1 528.9 529.8 528.9 527.5 527.1 529.5
532.1 531 533.1 533.5 533.4 532.9 532.9 534.3 537.4 540.6 540.1 535.9 530.7 529.5 530.9 532 532.2 531 531.5 534.4 533.8 530.7 530.4 530.2 529.5 529.2 529.6 529.8 530 531 531.8 532.7 533.7 533.6 532.8 531.6 532.1 531.9 529.6 528.7 527.8 528.1 527.5 526 524.5 524.3 525.5 526.1 525.2 523.6 522.9 522.5 521.6 520.9 521.8 534.4 539.2 530.8 523.9 518.3 517.3 521.3 525.4 527.2 527 526.4 526.2 525.7 524.6 523.8 523.8 525.3 527.8 529.4 530.1 528.7 527 528.9
531.2 531.6 533.2 534.3 535.1 535.2 534.6 535 536.8 539.5 540.4 537.1 531 528.8 530.4 532.2 533.5 533.5 532.9 532.7 532 530.6 530.3 529.7 529.8 531.2 532.5 531.5 530.1 530.6 530.7 531.5 533.1 534.8 535 534 532.4 530.9 529.3 529 528.6 528.1 527.3 525.3 524 523.8 526.4 527.3 525.6 523.4 521.9 521.2 521.2 521.6 519.6 519.5 525.4 528.9 526.6 520.2 517.6 521.1 525 526.9 527 526.5 527 527.9 526.6 523.8 522.3 523.6 526.2 529 531 530.2 528.8 529.7
530.6 531.5 533.2 535.9 538 537.5 535.7 534.8 534.8 537.1 539.4 537.6 532 528.9 529.3 531.7 534.5 535.8 534 530 530.3 533.2 531.5 530 530 532.4 534 532.3 529.9 529.2 529.6 530.8 533.5 536.3 536.5 534.4 530 528.2 528.8 529.9 530.4 529.9 527.8 525.1 523.8 524.4 527.6 528.8 526.6 523.7 521.1 520.2 520.2 522.5 520.3 512.8 515.7 526.9 529.2 521.8 516.2 518.7 523.7 526.3 526.6 526.6 528.1 530 528.9 524.8 521.8 522.3 524.8 527.8 530 530 529.5 530.4
530.7 530.3 531.6 534.9 537.2 536.1 533.3 531.8 531.7 533.1 535.4 535.8 531.8 529 528.8 530.2 533 534.4 532.9 530.8 532.6 535.1 532 529.5 528.7 530 531.6 532 530.2 528.8 528.9 530.6 534.7 538.2 537.8 535.8 533.7 532 531.3 531.2 532.3 531.9 528.5 524.9 523.8 524.9 527.6 529.2 527.8 525.2 523.2 521.6 521.4 525.2 525.1 519.4 521.5 530.2 532.7 525 516.4 515.9 520.9 525.1 526.3 526.3 527.5 530.3 531.2 527.8 524 522.7 523.5 526.1 528.9 529.2 528.6 529.3
531.2 528.8 528.3 530.6 532 531 529.1 528.2 528.4 529.3 531.3 531.7 530.6 528.8 528.5 529.3 530.3 530.8 530.3 529.5 530.3 532.6 531.2 528.5 527.4 527.1 529.4 531.4 531.7 530 529.8 531.8 536 537.8 537.5 535 535.2 535 533.6 532.1 532.3 531.6 528.4 524.7 523.7 524.8 526.3 527.7 527.5 527.3 527 526 525.5 527.7 529.4 528.2 528.9 533.3 535.9 530.4 520.3 515.7 518.7 523.2 525 525.6 526.5 528.9 530.5 528.4 526.1 525.4 525.2 526.9 528.6 527.6 526.6 527.2
528.9 527.1 526.7 527.6 528.2 527.1 525.9 525.4 526 527.3 528.8 529.3 528.9 528.8 528.3 528.5 529.3 528.8 529 529.4 529.8 531.8 530.7 527.9 526.3 526.3 528.9 530.9 532.8 532.3 531.4 532.8 535.1 535.9 535.5 534.4 533.4 534.9 535.4 532.9 531.3 529.7 527.8 525.6 524.7 524.5 524.8 525.3 526.3 528.2 528.2 528.3 529 530.6 531 530.5 531.2 533.5 536.3 535.1 527 518.1 517 520.8 523.6 524.9 526 527.2 527.7 527 526.9 528.7 529.5 528.7 527.1 526 526 526.2
526.8 527 527.3 527.5 526.5 525.1 523.5 523.6 524.7 526.5 527.8 527.4 527.5 528.1 528.4 528.1 528.4 528.7 529.3 530.2 530.8 530.2 528.8 526.8 525.2 525.6 527.7 530.2 532 532.3 532 533.3 533.8 534.4 534.2 534.9 533.6 534.9 535.6 532.5 528.9 527.9 527.3 527.4 526.5 525.2 523.8 523.5 524.8 526.8 528.1 528.2 530.6 532.3 529.7 528.6 530.3 533.1 537.1 539.8 536.4 526 518 517.8 520.9 522.7 524.6 526.4 526.4 525.6 526.4 528.3 528.9 527.5 525.5 524.7 525 525.6
