数据测试/大区域-布格重力异常.grd
DSAA
760 610
45 70
-45 -25
114.3 591
[rows 560 to 594 of 610, columns 312 to 389 of 760]
525.9 527.1 527 525.4 524.2 524.1 525.3 526.2 526.1 525.8 524.5 523.9 524.2 526 527.6 528.7 528.4 528.2 529.3 531.2 532 529.2 524.3 516.7 514.9 522.1 527.3 527 527.5 528.7 530.5 533.7 534.6 532.7 530.9 529.1 529.2 530 529.6 528.2 525.2 519.8 519.7 524.6 527.7 528.4 523.8 521.6 527.8 533.8 529.9 526.6 527.2 526.7 525.1 524.7 525.9 528.1 530.2 532.1 533.9 534.7 533.3 531.5 532.6 535.4 534.5 531.8 532.3 533.1 533.1 533.8 533.7 532.4 532.1 534.8 537.6 537.1
525.6 526.3 526.4 526 525.3 524.9 525.4 526.1 526.4 525.3 524 523.1 524.3 526.5 528.6 528.8 529.5 529.2 530.1 531.9 530.9 527.7 523.5 523.3 525.9 527.4 527.9 526.2 525.2 526 528.5 531.4 532.5 531.5 530.7 529.2 529.1 529.8 530.1 528.4 525.1 523 525 526.3 531 534.3 524.5 514.5 517.1 528.9 534 532.7 530.5 527.9 526.2 527.1 529.5 532.2 533.6 533.2 533 533.4 533.2 533 533.7 535.1 536.6 536.9 535.1 533.4 533.2 534 533.9 532.5 532.3 534 535.5 535.4
525.5 525.7 526.5 526.1 525.5 525.1 525.6 526.5 526.9 526.2 524.9 523.7 524.7 527 529 529.6 530 530.5 530.9 531.3 529.6 525.6 523.9 528.6 534 531.5 528.3 526.8 526.2 527.5 528.2 530.1 532.4 532 531.4 530.6 530.1 530.5 529.9 528.5 526.2 524.7 525.5 524.1 527.7 532.4 532.1 522 515 522 530.1 532.4 530.3 527.7 527 528.4 531.1 533.9 535.3 534.3 533 533.2 534 535 535.2 535.5 538.6 540.2 536.4 533 532.7 533.7 534.5 534 532.6 530.7 531 532.8
525.6 525.6 525.9 525.7 525.1 525 525.3 526.8 528 527.7 526.4 524.9 525.2 526.9 528.4 529.5 529.8 530.4 530.7 530.6 528.3 524.8 524.2 528.9 533.4 531.4 528.2 526.4 526.3 528.6 529.8 531.9 533.5 534 534 532.9 531.6 531 529.9 528.7 526.3 524.7 524.7 524.4 524.4 525.5 530.2 526.7 520.8 522.8 527 530.1 529.8 528.2 528 529 531.2 533.8 535 534.9 534.1 534 535.4 537 536.7 536.1 537.6 538.1 535.3 532.8 532.4 533.6 535.7 536.5 535.2 533.1 533.2 533.6
525.3 525.4 525.7 525.4 524.4 523.9 524.4 525.9 527.2 528.2 527.7 526.2 525.6 526.7 527.7 528.4 529.2 529.9 530.7 531 528.9 526.7 526 529.6 532.2 530.5 527.4 523.6 520.4 524 530.2 533.5 535.1 534.4 534.4 533.6 532.4 531 530 529.1 527.3 525.2 524.7 524.6 524.7 524 523.6 523.6 524.7 526.6 527.3 529.6 531.5 531.7 530.9 530.1 530.4 531.8 533.8 535.4 536 536.3 537.3 538.4 539.2 539.2 537.1 534.8 534.2 533.9 533.4 534 536.1 537.6 537.1 537.4 538.1 535.8
524.6 525.3 525.9 525.2 523.7 522.9 522.8 523.9 525.7 527.4 527.7 527.1 526.8 527.1 527.7 528.3 529.2 529.2 530.3 531.5 530.8 528.5 527.4 527.8 528.7 528.4 527.2 525.2 523.5 526.3 530.6 532.3 532.9 531.8 531.8 532.5 531.3 530.3 530.2 530 528.5 526.1 525.1 524.8 525.8 525.7 523.3 521.9 524.7 527.5 527.2 528.7 532.2 534.4 533.9 532.3 530.7 531.1 533.6 536.1 537.4 538.2 538.7 538.7 540.2 541.5 538.8 535.4 535.5 536.2 535.1 534.2 534.8 535.8 536.5 537.6 537.9 535.1
524.1 525.5 526.3 525.4 523.7 522.6 522.2 522.5 523.9 525.9 526.6 527.1 527.2 528 529.1 529.3 529 529.1 529.8 530.7 530.9 529.1 526.8 525.9 527.1 528.7 528.7 529.7 531.5 532.5 531.5 530.9 530.6 529.4 529.5 530.4 530 530.1 530.6 530.8 529.7 527.3 525.6 525.2 526.6 528.8 529.3 526.8 527.4 528.9 526.9 527.8 531.7 534.6 535.3 533.2 531.5 532.2 534.5 536.6 537.6 538.3 538.7 538.2 537.9 539.2 538.5 536 536.9 538.2 536.4 534.4 533.8 534.3 535 535.5 534.9 532.5
523.9 526.2 526.9 525.8 524.3 523.3 522.5 522.3 523.3 524.5 525.3 526.1 527.1 528.4 529.8 530 529.1 528.4 528.9 529.6 530 528.7 526.7 526.1 528 529.5 529.1 529.9 530.8 531.1 531.2 530.8 530.9 530.2 529.3 529.4 529.6 530.2 531.5 532.1 530.3 527.7 525.3 525.2 527.2 529.9 532.3 530.8 529.7 529.3 527.8 528.9 531.5 532.8 533.5 532.5 531.6 532.9 535.3 537.1 537.8 538.2 538.4 537.3 536.1 537.8 537.8 535.6 537.5 540.1 538.6 535.6 533.6 533.4 533.4 533.5 532.8 531.2
524.6 526.4 526.6 525.3 523.8 523 523 523.4 524.1 524.3 524.6 525.1 526.3 527.7 528.6 528.8 528.5 528.3 528.4 528.9 528.5 528.4 528 528 528.3 527.8 527.5 528 527.8 527.7 529.4 530.9 532.5 532.1 530.2 529.7 529.7 530.8 532 532.1 529.8 526.9 524.7 524.8 527.3 529 528.4 527.9 528.2 528.6 529.7 530.8 531 530.8 530.6 531.2 531.8 533.6 536.3 537.6 537.4 537.5 537.9 537 536.8 539.7 539.4 536.3 538.6 541.3 539.2 535.5 533 532.2 531.9 532.3 532.6 531.6
525.3 526.3 525.7 523.8 522 521.3 522.2 523.9 524.7 524.8 524.4 524.2 524.9 526 526.8 527.4 527.7 528.7 528.9 528.5 527.6 527.9 528.7 529.4 528.6 527.4 526.8 527.3 527.4 527.3 528.2 529 529.6 530.3 530 530.1 530 531 532.1 531.5 528.8 525.6 524.4 525.1 527.6 529.6 528.2 527.3 527.9 528.6 529.9 530 529.4 529.4 529.9 531 532.7 534.6 536.2 537.1 536.9 536.9 537.4 536.9 536.5 537.9 537.8 537.2 539.5 540.5 538 535 532.8 531.4 531.2 532.6 533.4 532.9
525.7 526.1 524.8 522.6 520.4 519.5 520.5 522.6 524 524.3 523.9 523.7 524.2 524.9 525.7 526.5 527.7 528.9 529.2 528.1 526.6 526.3 527.6 528.7 528 527.3 527.1 526.9 526.6 526.3 526.6 526.1 524.9 526.5 529.5 530.3 530.9 531.2 531.8 530.7 528.2 525.8 525.6 525.8 527.6 531.3 532.5 528.7 524.3 524.7 528 528.7 528.6 529 530.3 531.8 533.3 534.5 535.4 536.1 536.6 536.7 536.9 536.4 534.4 531.5 531.4 535.8 539.8 539.5 537.2 535.1 532.9 531.2 532 533.9 533.8 532.3
526.3 526.3 524.5 521.7 519 517.9 518.5 520.3 522.2 523.4 524 524.4 524.8 525.1 525.4 526.3 527.9 529.2 529.1 527.3 524.7 523.9 525.6 526.9 526.4 525.9 526.6 527.1 525.5 524.1 525.7 525.6 525.7 527.8 530.4 530.9 531.3 531.7 531.4 530 528.4 527.6 527.6 526.2 527.5 533.9 534.7 528.4 523.9 525.8 529 529.8 530 530.3 531.2 532.3 533.1 533.6 534.3 535.1 535.5 535.6 535.6 535.2 533.1 530.1 530.7 536.3 539.7 538.4 536.4 534.8 532.5 531.2 533.8 536.6 534.4 531.4
526.8 526.7 524.3 521.1 519 518 517.9 518.7 520.2 522.1 523.8 525.4 526.2 525.6 525.3 526 527.3 528.5 527.8 525.6 523.4 522.8 524.4 525.9 526.3 526.4 527.9 529.6 527.6 525.7 527.1 527.1 527.6 529.6 530.5 531.2 531.5 531.5 531 530 529.1 529 529.3 527.8 528.2 534.5 534.3 531.2 537 539.3 533.4 530.5 530.3 531 531.3 531.7 532.5 532.7 533 533.4 533.9 534.1 534 533.6 533 533.2 535.6 538.8 538.9 536.4 534.3 532.7 531 531.2 535.9 540.4 539.4 536.1
525.9 525.3 523.2 521.7 521.1 520.7 520.1 519.4 519.5 520.7 523 525.2 525.9 525.1 524.5 525 526 526.5 525.3 523.4 522.9 524.2 525.5 526.6 526.8 527.5 529.6 531.6 531 529.7 529.9 528.7 527.1 527.9 529.3 531 531.9 531.5 530.8 529.5 528.6 528.8 530.9 531 528.5 528.8 529.1 528.3 529.5 529.2 527.6 528.8 530.9 531.7 531.9 532 532.2 532.2 531.9 532.3 533 533.2 532.9 532.4 532.2 533.4 536.2 538.3 536.9 533.9 531.7 530.3 529.8 532 537.6 538.9 536.1 537.6
524 523 522.1 522.3 523.1 523.5 522.4 520.6 519.6 520.3 522.8 524.3 524 523.5 523.2 523.9 524.8 524.7 523.6 522.9 523.3 525.6 526.9 527.2 526.5 527.5 530 531.1 531.5 532.5 532.7 529.7 527.4 527.6 529.6 531.2 532.2 531.7 530.5 529.1 527.5 528.1 532 533.4 528.1 523.6 523.4 520.8 511.1 509.1 518.8 527.8 533.6 533.7 533.4 533 531.6 531.4 531.8 532.5 533.1 533 532.3 531.4 531.4 532.7 535.2 536.9 535.4 532.5 530.7 530.2 530.8 533.9 538.5 534.8 528 533.5
522.2 521.2 521 521.9 523.3 523.9 523 520.9 519.6 520.3 522.2 523.3 522.4 521.5 522 523.4 524.4 524.3 523.3 523.3 524.3 525.9 527.1 526.2 525.3 527.3 529.7 529.2 529.7 533 533.5 529.7 528.1 528.7 530.1 530.9 531.9 531.7 530.3 528.9 527.7 528.3 531.7 533.4 529.3 524.7 523.4 520.7 516.6 517.5 522.7 527.8 531.9 532.1 531.3 530.3 528.7 530.1 532.1 533.1 533.5 533.1 531.8 530.8 532.3 534.9 536.2 536.1 534.7 532.3 531.1 531.3 532.8 536.3 538.7 535 530.3 534.2
520.6 520.2 520.3 521.1 521.9 521.9 521.2 519.8 518.8 519.5 520.7 521.4 520.8 520.2 521.5 523.7 524.9 524.6 523.8 523.5 524.7 526 525.9 524.5 523.6 526 528.1 526.6 525.7 528 529 528.1 528.3 528.2 528.8 529.4 530.4 530.9 530.1 528.8 528.5 529.3 531.1 532.1 530.9 528 525.1 523.3 525.6 528.6 527.7 527 527.9 528.3 527.6 526.5 526.6 529.8 533.3 534.4 533.9 532.7 531.6 530.9 532.1 534.2 535 535.1 533.8 531.9 531.6 532.6 534.9 537.4 537.1 534.5 533.9 536.5
519.5 520.3 520.6 520.2 519.2 518.4 517.8 517.6 517.4 518.1 519 519.3 519.2 520 522.3 524.8 525.7 524.9 523.5 522.6 523.4 524.7 524.4 523 522.4 524 525.4 524.9 523.7 523.9 525.1 527.2 528.7 528 527.6 527.8 528.5 529.7 530 529.3 529 529.5 530.3 530 529.1 528.4 526 524.6 525.4 527.1 527.7 528.1 529.1 528.1 526.7 526.3 527.3 529.6 532.5 534.3 533.8 532.5 532.3 531.8 530.7 531.1 533.5 535.2 534.1 532.7 532.4 533.4 536.4 538.3 536.2 533 533.2 534.9
518.9 520.2 520.8 519.2 517.1 516.2 516.2 516.7 517.2 517.9 517.9 518.3 518.8 520.2 523 525 525.1 524.1 521.9 520.7 521 522.4 523.4 522.5 522.1 521.8 522.2 523.7 525.7 526.5 526.8 527.4 528.9 529.9 528.9 527.8 527.9 529.5 530.4 530.2 529.3 528.5 528.7 527.5 526.1 526.9 526.6 525.9 525.2 526 528.2 530.1 530.1 528 527 527.6 528.8 528.9 529.8 532.1 532.1 532.2 533.6 533.6 532.4 532.2 534.1 535.6 535.7 534.8 533.5 533.4 535.9 538.8 537.2 533.3 532.8 532.9
517.8 519.1 519.6 518.4 516.5 515.9 516.5 517.4 517.9 518.2 518 518 518.6 519.9 521.7 523.1 522.6 521.5 519.7 519.1 519.4 520.8 522.5 522.8 522.3 521.5 521.4 523.3 526.1 526.9 526.5 526.3 527.9 530.4 530.2 528.1 528.1 529.8 531.2 531.4 529.4 528 528 527 526.5 526.9 526.8 526.5 526.4 527.5 529.4 529.6 527.5 526.5 527.6 528.8 529.8 529.9 529.9 530.9 531.2 532.3 534.2 534.6 533.3 532.2 532.4 534.7 537.3 536.9 534.6 532.9 533.3 535.7 536.2 534.3 532.8 532.2
516.2 517.5 517.7 517 515.6 515.1 516.3 517.6 518 518 518.3 518.4 518.8 519.3 519.8 519.9 519.2 517.9 516.9 517.1 518.1 520 521.9 522.7 522.3 522.1 522.2 523.1 524.8 525.3 525.2 525.3 526.1 528.1 528.2 526.5 527.5 530.2 532.5 532.4 529.9 528.7 528.7 528 528.2 528 527.7 527.6 528.4 529.9 529.9 527.9 527 528.6 529.8 530.1 530.7 530.9 530.6 531.3 532.5 532.4 533 533.7 531.6 529.6 530.5 534.3 538.6 539 536 532.9 531.4 531.9 534.5 535.8 532.6 530.6
514.5 515 515.5 514.9 514.1 514.2 515.2 516.5 517.2 517.6 517.9 518.8 519.3 519.2 519.1 518.3 517.1 515.6 515.1 515.4 516.8 519.2 521.4 522.5 522 521.8 522.6 523.9 524.8 525 524.5 524.6 525.2 526.2 526 525.5 526.9 530.1 532.8 532.4 530 528.6 528.8 529.3 529.9 529.6 529.4 529.8 530.9 531.5 529.1 526 527.1 530.7 531.3 530.6 530.9 530.3 529.3 530.4 531.3 529.5 530.1 532 531.4 532 533.8 535.7 538.7 539.5 536.8 533.4 531.3 531.1 534 536.5 533 530.3
512.9 512.9 513.2 513.4 513.6 514.1 514.8 515.4 516 516.5 516.2 517 517.9 518.8 519.4 519.2 518.3 516.8 515.9 515.5 516.1 518 520.6 522.2 521.8 522.1 523.8 525.6 525.3 523.7 522.5 524.2 525.7 525.5 525 524.8 526.2 529.3 531.3 530.8 528.8 527.6 528.7 530.8 531.7 531.3 531.3 532.3 532.7 531.7 528.1 524.7 526.1 529.7 530.7 529.9 529.4 528.3 527.1 527.6 527.6 526.2 527.6 530.5 531.3 532.8 535 535.6 536.6 536.4 533.7 531.6 531.1 532 534.5 536.7 534.9 532.6
512.1 511.8 511.8 512.7 514 514.7 514.9 514.9 515.1 515 514.2 514 515.2 517.5 519.5 520.6 520.7 519.2 517.6 516.1 515.6 516.8 519.1 521.8 522.2 521.8 522.1 523.3 524.1 524.2 524.8 526.3 526.5 525.1 523.7 523.6 525.2 528.2 529 526.9 526 527.6 529.6 531.5 532 531.3 532.1 533.7 533.3 530.6 527.5 525.9 527.9 530.2 530.2 528.8 527.1 526 525.6 525.4 525.4 525.8 527.2 529.4 529.3 528.6 531.3 533.8 534 532.5 530 530 532.1 534.5 536.8 537.2 536.3 535.7
512 511 510.8 511.6 513.4 514.6 514.8 514.7 514.6 513.9 513 511.8 513.1 515.9 518.9 521 520.9 519.7 517.9 516.1 515.5 516.1 518.2 520.5 521.8 521 519.7 520.4 522.7 524.5 527 527.7 526.5 525.1 524 523.9 525.2 527.2 527.2 522.7 521.7 527.1 530.8 531.9 531.1 530.2 531.4 533.4 532.9 529.6 527.6 528.5 530.2 530.4 529.3 527.8 526.2 525.8 525.4 524.8 524.8 525.5 526.7 527.9 528 528 530.3 532.3 532.3 531.6 530.3 531.1 534.7 538.4 540.2 538.5 536 535.3
511.7 510.2 509.4 509.5 511.3 513 513.5 513.5 513.7 513.3 512.5 511.4 511.9 514.2 517.1 519.2 519.7 518.7 517 515.4 514.6 515.8 517.8 519.7 520.7 520.4 520 520.9 522.3 524 526.8 527.6 525.4 523.1 523 523.9 525.3 527.5 527 523.2 522.2 527.3 531.4 531.4 530.4 529.6 530.8 533.5 532.8 528.9 527.6 529.8 530.7 529.5 528.6 527.4 526.7 526.8 526 524.7 524.7 525.7 527.2 527.3 527.1 529.3 531.4 531.4 531.3 531.4 530.9 532.6 537.1 541.1 542.3 539.9 535.5 532
510.5 509.9 508.9 508.6 509.3 510.5 511.2 511.2 511.7 512.8 513 512.4 512.1 513.3 515.2 516.3 517.2 516.7 515.7 514.6 514.3 515.6 517.8 519.7 519.9 520.2 520.4 520.9 521.8 523.1 525.7 526 523.4 521 520.8 524.1 526.9 528.3 528.2 526.3 524.5 525.6 529.4 530.6 529.8 529.5 531.1 534.1 533.7 530.8 529.2 529.8 530.1 529.5 528.6 527.6 527.2 527.3 526.3 524.9 525 526.6 528.4 528.6 527.9 530.2 532.8 532 531.7 531 528.9 530.7 535.8 539.3 540 538.8 536.7 534.6
508.7 509.8 509.4 508.8 508.4 508.7 509.6 510 511 512.2 513.1 513.1 513.3 514.2 514 514.4 515 515.5 515.3 514.9 514.7 516.1 518.2 519.4 519.8 519.9 520.4 520.6 521.3 522.4 523.9 523.9 522.3 522 524 527.3 527.7 527.8 527.7 525.6 522.4 522.6 527.1 529.8 530 530 531.6 533.5 534.6 534.1 531.9 528.8 528.3 528.7 528 526.9 526.8 526.7 525.8 524.6 524.5 526.3 528.2 528.9 529.8 531.2 531.6 531.4 532.5 530.7 526.8 528.1 532.5 534.6 535.2 535.5 537.4 538.3
507.5 509.6 510.1 509.1 508.4 508.7 509.5 510.3 511.2 512 512.7 513.1 513.6 513.7 513.6 513.5 514.1 515.8 516.7 516 515.1 515.6 517.7 519 519.8 519.9 520.3 520.3 520.7 522.1 522.9 521.6 521 522.9 524.5 525.3 525.6 526 526.6 526.7 524.9 524.8 527.1 529.1 529.8 529.9 530.8 531.8 532.5 532.5 530.4 527.4 527.9 529.2 528.2 526.7 526.3 525.9 525.2 524 523.7 525 526.4 527.1 529.1 530.5 528.7 528.9 532.4 532.5 530.3 530.8 532.3 532.8 532.9 533.3 535.8 536.2
505.9 508.1 510.2 509.8 509 509.2 509.9 510.9 511.4 511.7 512.5 512.6 512.5 511.9 511.5 511.8 513.6 516.2 517.7 517.1 515.8 515.2 516.8 518.2 519.1 520.2 521.7 521.7 522.1 522.7 522 519.9 519.6 523.1 522.8 523.5 525.4 525 526.6 530.8 531.5 528.7 527.5 528.2 528.9 529.5 529.3 529 528.7 528.6 527.7 527.2 528.9 530.3 528.7 526.8 526.6 526.3 525.5 524.1 523.3 523.7 524.8 525.5 526.8 528.6 528.9 529.6 532.8 534 532.8 532.5 532.6 532.6 532.3 531.8 532.8 533
503.6 506.3 509 510.1 510.4 510.4 510.4 510.8 510.8 510.9 511.1 511.1 510.5 509.6 509.1 510.1 512.2 515.2 517.5 518 516 514 515.4 517.6 519.6 521.5 522.9 524.2 524.7 523.3 523.3 523.4 522.5 524 525.4 525.5 524.7 523.7 524.9 528.4 530.7 527.7 526 527.5 529.3 529.7 528.7 527.3 526 526 527.3 528.8 529 527.7 526.6 526.2 526.8 527.5 527.5 525.9 523.9 523.5 524.1 524.4 525.2 528.1 529.1 528.5 530.3 530.8 529.1 529.5 531.2 531.9 530.6 529.1 529.6 530.4
503.3 505.6 507.8 509.7 511.1 511.6 510.6 509.9 509 508.7 508.8 509.1 509.1 508.6 507.9 508.3 510.1 513.2 516.1 516.1 514.2 512.7 513.4 516.8 520.5 523.2 524.4 524.7 524.9 523.7 523.4 524.7 523.4 524.9 525.1 521.3 520.5 522.9 525.1 526.5 525.6 523.6 524 527 529.9 530.9 530 528.2 527 527.1 529.2 531.5 529.3 525.4 524.4 525.2 526.3 528.4 529.7 529.1 527 525.3 524.8 524.4 525.1 529.1 529.6 525.4 525.4 528.3 528.9 527.8 528.6 530.6 529.3 527.5 528.5 530.4
505.8 506.3 507.5 509.6 511 511.3 510.3 508.3 507.3 507 507.8 508.9 509.6 508.9 508.2 508.2 509.3 511.4 513.4 513.6 512.6 512.1 513.2 517 521 523.3 524.7 524.1 523.7 523 522.7 522.1 522.5 524.5 523.3 520.6 521.2 523.8 527.8 528.5 524 521 522.6 525.9 528.8 530.7 531.1 530.4 529.5 528.2 529.2 531.4 530.2 526.7 524.8 524.4 525.2 527.7 529.7 530.5 529.5 527.7 526 524.7 524.7 526.8 527.5 525.4 525.2 528.9 532.3 530.7 527.9 528.3 528.3 527.9 529.5 531.5
507.9 507.6 507.7 509 510.1 510 509.1 508 507.2 507.2 508.1 509.3 510 509.6 509.2 509.3 510.1 511.5 512.5 512.9 512.8 513.3 515 518.1 520.9 522.3 523.1 522.3 521.4 522.3 523.5 523 523.7 523.9 523.6 525.2 525.8 523.7 522.7 524.5 522.5 520.5 522.2 524.9 527.3 529.3 530.7 531 530 527.6 527.5 529 529.5 530.9 529.8 526 524.5 526 528.2 529.8 529.9 528.1 525.6 523.9 523.3 522.1 521.7 524 526 527.7 530.3 530.7 528 525.8 526.7 528.2 529 529.8
509.5 508.4 507.6 507.3 507.8 507.9 508.2 508 507.5 508.1 508.5 509.2 509.4 509.2 509.3 510 511.5 512.8 513 513.3 514.2 515.3 517.4 518.5 519.8 520.2 520.9 520.4 520.8 522.1 523.5 523.2 524 522.9 522.6 526.9 527.2 521.5 518.8 520.2 521.6 522.3 522.7 523.4 525.6 528.1 529.5 529.9 530 530.8 529.7 527.1 527 529.9 529.9 526.3 524.6 525.8 528.1 529.5 529 526.5 523.4 522.1 523 523 522 523.4 525 524.8 525.6 527.5 527 524.7 526.1 528.1 527.4 527
