数据测试/大区域-布格重力异常.grd
DSAA
760 610
45 70
-45 -25
114.3 591
[rows 245 to 279 of 610, columns 78 to 155 of 760]
437.6 440.7 441.8 440.6 439.8 440.2 441 440.5 439.6 439 438.5 438.3 437.5 435.8 433.1 430.4 429 430 432.9 437.2 442.2 445.7 446.4 445.9 445.9 445.9 444.6 441.8 438.6 437.3 437.8 438.5 438.8 438.5 438 437.1 436.5 436.3 436.2 436.1 436.4 436.3 435 433.2 431.6 430.8 431 432 432.7 431.9 430.1 429.2 430 431.8 432.2 429.2 425.4 423.4 423.2 422.6 419.6 415.7 413.8 413.6 414.2 415.4 416.9 418 418.6 419.1 419.1 418.3 416.5 414.3 413.4 413.6 414.3 414.2
440.1 442.1 442 440.8 440.5 442.5 443.9 443.6 441.7 439.9 438 436.1 434.7 433.3 431.4 428.9 426.9 426.8 429.2 433.6 439.6 445.2 446.3 444.9 443.4 442.7 442.3 441.4 440.7 440.9 441.1 440.2 439.1 438.8 439.1 439.5 440.3 440.8 440.7 440.4 440 439.3 437.6 435.6 433.8 432.7 432.7 433.5 434.1 433.1 430.7 428.7 428.7 430.6 432.9 432 429 427.7 427.8 426.7 422.6 417.9 415.7 415.3 415.7 415.9 416.4 417.1 418 418.8 419.8 420.1 419.4 417.9 417.1 417.4 418.7 418.4
444.2 445 443.6 441 440.4 441.8 443.6 444 442.5 440 437.1 434.3 432.6 431.3 429.5 426.2 423.2 421.9 423.6 428.2 435.5 443.7 446.6 444.5 441.7 440.3 440.3 440.6 441.4 443.3 443.8 441.5 439.3 439.1 440.2 442.1 443.6 444.1 443.3 442 441.1 440.1 438.5 436.4 434.2 432.6 432 432.6 433.5 433 430.9 429.8 426.8 423.6 426.4 429.4 429.8 430 429.5 427.5 424.9 423.2 421.8 419.7 418.6 418.3 417.7 417.9 418.4 419.1 419.6 419.3 418.2 416.7 416.2 417.3 419.9 421.2
448.9 449.2 446.7 442.6 439.8 439.6 440.6 441.8 442.2 440.4 438 435.6 434.2 432.8 430.3 426.4 422.3 419.8 420.7 424.8 432.4 442.2 446.4 444.6 441.4 439.9 440 440.7 441.8 444.2 444.7 441.9 439.6 440 442.1 444.9 446.5 446.3 444.4 442.1 440.7 440 438.9 436.7 433.8 431.4 430.3 430.8 432 432.4 431.7 433.5 428.8 419.1 420.1 425 427.9 429.9 430.5 429.4 427.6 427 426.4 424.3 423 422.5 421.3 420.7 420.6 420.7 420 418.3 416 414.2 413.5 414.7 417.4 419.2
451.2 451.8 450.4 445.9 441.1 438.7 438.6 440.4 442.3 442.4 441.1 439.7 438.7 437.4 434.4 430.4 426 423.2 422.9 425.7 431.9 440.6 445.2 444.6 442.3 440.8 441 441.8 442.3 443.5 443.8 442.1 440.4 441.3 443.9 446.7 447.7 446.5 444.4 442.2 441 440.8 440.1 438.2 435.3 432.3 430.5 430.7 432 432.7 432.2 434.1 431.8 423.8 422.7 425.7 427.7 429.9 431.4 431.2 428.8 427.3 427.2 426.9 427.1 426.5 425 424.1 423.6 422.9 421.2 418.6 415.4 413.3 412.3 412.9 414 414.3
449 450.3 451.3 449.2 444.8 440.8 439.7 441.1 443.6 444.8 444.4 443.4 442.4 440.6 437.5 434.4 431.6 429.6 428.8 429.9 433.3 438.8 442.7 443.5 442.4 441.2 441.1 441.4 441.3 440.8 441.5 441.5 441.2 442.1 444.1 445.3 444.8 443.3 441.9 441.1 441.1 441.7 442.1 441.5 439.7 437 434.7 433.8 433.7 433.6 433.1 433.3 434 433.2 431.8 431.2 431.5 432.1 432 430.5 428.1 426.7 427 427.5 428.1 428 427.3 426.2 425.5 424.4 422.5 419.6 416.7 414.4 413.4 413.1 413.3 412.1
445.4 446.6 449 451 449.2 445.9 443.4 443.4 444.3 444.8 444.8 443.9 442.2 439.2 435.9 433.9 433.7 433.9 434.1 434.2 435.4 437.6 439.8 440.9 440.4 439.4 438.9 439 438.4 437.7 438.4 439.9 440.6 441.4 441.7 440.5 438.5 437.2 436.7 437.4 439.1 441.3 443.3 444.4 444.4 443.4 441.2 438.3 435.9 435.1 435.5 436.2 437.3 438.1 437.6 436.4 435.5 435.3 435.6 435 431.4 427.8 427.1 427.9 427.8 427 427 426.3 425 423.6 422 420.1 418.1 416.2 415 414.3 414.4 414.2
444.2 445.7 447.8 451.5 452.6 450.7 447.2 444.6 443.3 443 443 442.1 439.5 435.7 432.3 430.8 431.9 434.3 436.4 437 437 437 437.2 437.3 436.9 436.3 435.6 435.5 435.2 434.8 435.7 437.6 439.1 439.5 437.9 434.7 431.7 430.1 430.5 432.9 436.3 440 443.3 445.5 446.9 448 447.4 443.4 439.1 437.2 436.6 436.7 437.6 438.9 439.5 438.9 437.3 435.3 434.9 434.4 430.9 427.4 427.4 429.5 429.4 427 425.9 424.7 422.6 421 419.7 419 418.1 417.1 415.8 414.8 415 416.4
445.6 447.8 449.5 451.6 453.4 452.1 448.4 444.7 442.6 441.9 441.6 440.2 437.1 433 429.4 428.1 429.7 432.8 435.7 437.1 436.9 435.9 435 433.8 433.1 432.7 432.7 432.8 432.7 432.9 433.8 435.1 437.1 437.4 434.6 430.4 427.1 426.1 428 431.9 436.5 440.6 443.6 445.9 447.5 449.5 451.3 449.4 444.3 439.8 436.8 435.6 436.3 437.5 438.4 438.8 437.3 433.8 430.6 428 425.9 425.6 426.8 428.3 428.6 427.2 425.5 423.5 420.9 419.1 418.1 418 417.6 417.3 416.4 415.2 414.8 417
447.5 450 450.2 450.7 451.6 450.9 448.4 445.1 442.8 441.6 440.8 438.5 434.7 430.6 427.3 426.3 427.8 430.8 433.4 435 435 434.5 433.5 431.7 430.3 429.9 430.2 430.9 431.6 432 432.2 433.6 435.1 434.9 431.9 428 426.2 427.7 432 438 442.7 445 446.5 447.6 448 448.5 450.5 451.1 447.7 442.7 438.3 435.9 435.4 435.6 435.7 436.3 435.8 433.6 431.7 429.4 426.9 425.9 426 425.8 426.2 426.8 426.4 424.9 422.4 420.5 419.8 419.6 419.2 419.1 419 417.4 416.4 417.6
448.5 449.8 449 448 447.8 448.6 448.1 445.6 443.2 441.1 439.2 436.5 432.7 428.9 426.5 426 427.3 429.7 431.7 433.5 434.2 434.9 434.8 433.1 430.4 429.3 429.5 430.8 432 431.2 431 432.9 433 431.8 429.2 426.8 428 432.4 439.3 449.1 454.5 452.6 450.9 451.9 450.4 447 446.8 448.1 447.2 444.2 440.6 438.2 437.5 435.9 432.1 430.7 432.3 433.4 433.2 431.3 429 427.7 426.7 426.3 426.7 428.4 429.8 429.6 427.5 425.6 424.8 424.4 424.6 424.6 424.4 422.2 419.9 418.8
448.1 448.4 446.4 444.2 443.8 445.5 446.2 445.2 442.2 439.4 436.7 433.8 430.8 428.5 427.3 427.5 428.8 430.6 432.8 434.8 437.1 440.6 441.2 437.1 433 430.7 431.4 433.7 434.7 431.7 429.9 431.9 431.5 430.1 428.7 428.8 432.2 438.1 446.1 458.5 464.7 460.4 456.5 456.5 451.9 445 442.6 444 445.1 443.1 440.9 440.7 441.1 438.3 431.7 428.1 429.8 432.4 433.6 433 430.8 428.6 427 426.9 428 430.3 433.5 436.3 434.9 431.9 430.5 430.2 430.7 430.7 429.6 427.8 425 422.3
447.2 446.6 444.5 442.2 441.3 442.5 444.5 443.9 440.8 437.6 434.5 432.1 430.3 429.5 429 429.4 430 431.7 435.7 438.2 442 450.8 449.8 440 434.6 433.6 434.7 436.7 437.6 435.1 432.9 432.9 432.7 432.1 432.4 434.3 438.2 443.2 449.2 458.1 465.3 466.2 463.7 458.7 451 444.3 441.5 441.5 441.4 439.5 439 440.8 441.7 439.4 434.8 432.6 432.5 430.7 429.4 429.5 428.4 426.3 425 425.1 427 430.8 435.2 438.9 438.5 435.9 434.5 434 433.6 433.3 431.6 430.7 429.5 427.5
445.8 445.6 443.8 441.7 440.7 442 443.6 443.3 440.8 437 434.8 433.4 432.4 432.2 431.6 430.5 428.8 431 437.9 441.6 444.8 452.9 450.7 441.4 437 436.4 436.5 438 439.4 439.7 438.5 436.7 435.9 435.9 437 439.1 441.3 443.6 447.3 453.2 459.4 464.6 465 458.7 451.5 446.8 443.7 441.5 438.7 436.2 437.7 440.1 439.7 438.1 436.1 435.8 434.2 428.5 424.4 424 423.8 423.3 422.5 422.7 426.2 433.1 438.2 437.5 435.8 435.5 436.3 436.9 436.3 435 432.8 432.6 433.5 432.6
444.7 445.4 444.3 443 442.7 442.9 444.4 443.4 439.2 436.3 435.9 436.8 436 435 433.8 431.1 429 430.6 436.6 440.4 442.4 444.6 443.6 440.1 437.5 436.5 435.8 437.1 439.4 441.1 440.6 438.9 437.2 436.1 437.1 439.7 440.8 441.3 443.6 447.7 452.4 456 457.1 454.7 450.3 448.2 446.8 443.9 438.8 434.9 438.1 440.7 439.3 438.6 436.9 435.1 431.8 426.6 423.9 423.9 423.9 423.9 424.2 426.6 431.9 441.5 446.1 437.8 434.8 435 438.9 441.8 441 438.7 437.1 437.1 437.8 436.3
444.7 446.4 446.7 446.6 444.9 442.3 445.3 443.2 433.9 432.1 434.9 438.4 437.3 435.5 433.2 430.3 428.7 429.3 432 434.7 436.7 437.9 437.6 436.5 436 434.4 432.8 433.2 435.8 438.6 439.5 438.5 436.2 433.6 434.7 438.4 439.3 439.2 440.7 443.6 446.2 446.7 447.2 448.5 447.7 448.3 448.8 446.4 442.3 439.2 441.3 442.6 440.9 439.5 438.5 437.6 432.5 425.3 422.1 424.4 428 429.8 430.9 433.4 438.8 448.1 451.4 442.3 439.9 440.4 443.9 446.5 444.7 442.5 442.8 442.8 442.1 439.9
446.7 447.8 449.7 449.5 445.6 440.2 444.6 445.9 434.9 433.2 434.8 436.6 435.9 434 431 428.5 426.8 426.9 428.4 430 431.7 433.4 433.9 434.7 436.4 435.1 430.9 429.1 431.6 435 437.2 437.4 436.3 435.1 437.5 439.9 437.6 436.2 438.7 442.3 442.4 439.7 440.5 444.4 445.7 444.6 443.3 444.2 445.5 445.7 446.2 446.1 443.7 437.9 433.8 435.5 435 428.7 424.7 427.9 432.8 433.6 432.3 433.3 438.3 446.7 450.4 447.6 448 450.9 451.4 447.1 443.9 445.2 447.2 447.8 446.3 443.5
450.7 449.2 448.5 447.5 445.2 442.1 444.5 446.6 441 438.7 437.2 436 434.5 432.4 430.3 427.6 426.2 427.2 428.4 429.3 430.3 432.5 434.1 436.6 441.1 440.9 434.3 429.2 430.4 434.4 437.6 438.3 438.7 441.3 444 442.1 435.6 432.7 436.1 440 439.5 437.5 439.5 442.3 442.6 439 437.4 441.6 445.5 447.2 448.6 450 449.3 441.6 432.6 432.1 435.4 435.1 432.2 433.3 435.2 434.7 433.8 433.9 437.1 443.3 446.3 447.1 454.2 460.7 454.6 445.7 447.3 452.1 452.8 452.2 448.8 445.3
452.2 449.6 447.1 445.4 445.2 444.8 445.3 445.2 443.7 441.2 439.1 437.4 434.7 432.4 430.5 428.8 428.6 430 432 432.8 433.4 434.9 436.9 440 445.4 447.4 441.1 434.1 433.9 437.7 441.7 440.5 441.9 449.4 448.9 444 437.7 433.9 434.8 436.1 436.3 437.5 440.5 442.4 441.3 437.7 436.9 440.6 444.3 446.7 449.1 452.3 454.6 449.6 440 435.6 435.9 435.9 434.3 434.8 436.6 436.8 437.6 438.3 439 440.4 441.8 445.5 453.5 457.9 448.3 446.1 455.7 459.3 455.7 453.1 450.4 447.3
450.2 447.9 446.5 446 445.2 445.5 446.3 447 446.3 444.1 442.1 440.5 437.9 435.3 433.2 432.4 433.2 436.1 438.8 438.9 438.4 438.5 439.1 439.2 444.1 449.8 447.6 442.6 440.5 444.5 447.1 442.4 441 449.4 451.2 448.1 445.1 441 437.6 436 436.3 439.4 444.3 446.4 444.4 440.6 439 440.3 442.7 445 446.5 449.5 453.4 451.2 445.8 444.8 442.9 437.6 434.8 436.4 438.6 439.3 440.2 441.7 443.2 445 446.4 447.3 449.4 450.7 447.3 450.1 458.1 457 454 452.2 450.8 449.2
447.3 445.7 445.4 446 446.2 446.8 447.8 448.6 449.7 448.9 447.6 446 444.2 441.5 439.4 438.7 439.9 443.6 446.2 445.1 441.9 439.3 437.7 433.9 436 450.1 451.1 450.6 447.6 448.7 449 445.6 443.6 444.8 446.1 447.3 448.3 446 441.9 439.5 440.8 445.5 449.9 450.9 447.8 443.9 441.9 441.8 442.7 443.9 443.7 443.2 444.4 443 442.1 450.3 455.7 449.8 445.4 444 443.2 443.5 445.2 447.9 450.8 453.2 452.9 450.3 449.3 450.6 452.8 455.4 456.8 455.6 453.7 452.4 452.8 454.2
445 444.7 445.8 446.8 447.5 447.7 448.1 449.4 450.8 450.9 450.2 449.3 448 445.9 443.9 443.7 444.9 447.3 448.9 447.3 442.6 439 435.5 427.8 417.7 444.1 451.5 449.6 445.2 443.7 443.9 443.2 442.5 442.4 442.7 443.8 445.7 445.7 444.1 443.3 445 448.5 450.6 449.4 446.7 444.6 443.8 443.6 443.4 443.3 442 439.8 439.3 437.4 434.9 438.6 445.5 453.1 461.1 458.9 451.3 449.2 449.7 452.3 454.6 456.1 454.6 450 447.9 450.4 453.2 455.7 456 454.6 452.2 451.4 453.8 456.8
445.4 446.2 447.8 448.4 448.3 447.9 447.6 448.6 450.5 450.7 449.6 448.8 447.6 446.8 445.8 446.2 447.2 448.8 450.3 447.8 443.2 439.7 435.2 427.2 418.7 434 445.3 444.3 439.3 436.5 436 436 436.5 438.1 440.6 442.7 444 444.8 445.2 445.8 446.5 447 446.6 445.6 444.5 444.2 444.5 444.1 442.7 440.8 438.7 437.5 437.7 436.7 436.8 440.2 444.5 451.5 461.2 463.6 458.2 455.2 452.8 451.6 451.9 452.4 453.7 451.8 449.4 451.1 453.2 454.4 454.7 453.1 451.1 450.7 452.7 456
447.7 450 450.6 450.1 449.1 448.2 448.1 449.1 450.3 451.5 449.3 447.3 446.2 445.8 445.7 447.4 449.3 450 451.9 450.1 445.5 441.3 437.9 432.6 429.4 433.4 439.5 441.1 436.9 432.3 429.4 429 431 434.8 439.1 442.4 444.1 444.9 446 447 446.6 444.4 442.6 442.2 443 444.2 444.7 443.9 441.4 438.3 435.8 435 435.3 436.7 441.1 447.2 452 455.2 457.7 459.8 460.7 459.4 455.5 452.3 448.4 444.5 447.9 452.6 451.5 451.7 452.5 453.1 453.1 452.2 450.8 450.6 452.1 454.6
451.1 452.7 451.9 451.4 450.4 450 450 450.9 452.3 452.4 450 446 444.1 444.8 445.6 448.1 450.4 450.2 450.6 449.1 446.5 443.7 441.3 439.6 438 437.3 438.7 440.5 438.7 432.8 427.6 426.7 429.4 434.3 439.1 442.1 443.8 445 446.8 448.2 446.9 443.2 440.4 440.1 442.2 444.9 445.8 444.3 441.4 438.5 436.3 435.2 435.5 437.6 442.5 449.7 455 454.7 452.9 454.9 460 460.9 458.3 457.2 452.9 443.4 444.4 450.1 451.1 451.2 450.8 450.6 450.4 450 449.4 448.9 449.8 450.9
450.8 451.7 451.8 451.3 451.9 452.1 452.2 451.1 451.2 453.7 453.3 446.7 443 444.2 445.4 447.5 449 448.4 447 445.4 443.6 443.3 442.7 442.4 440.9 439.4 439.5 441.8 443.1 438.6 431.9 429.4 431.9 435.7 439.3 441.6 443.3 445.5 448.1 450 449.4 445.8 442.2 441.7 444.3 446.7 447.3 446.1 443.9 441.9 440.4 440.1 441.2 443.4 446.2 448.4 449.6 451.3 453.4 455.8 458.3 458.1 456.9 459.3 460.4 452.2 447.6 449.9 450.4 449.3 447.9 446.8 446.9 447 446.7 446.3 446.4 446.5
449.2 449.5 449.6 451 452.5 454.7 453.5 447.9 445.9 452.7 457.9 450.8 445.5 444.3 445.1 445.4 446.2 445.5 443.7 441.9 440.8 441.1 442.1 442.9 442.7 441.6 441.3 443.6 446.2 444.8 439.8 436.1 436.3 438.4 440.3 441.9 444 447.4 450.9 453.7 454.6 452.4 449.2 448 448.9 449.5 449 448.4 448 447.7 447.6 448.4 450.4 452.3 453.8 452.4 449.2 452.4 458.1 457.6 453.4 449.5 445.7 448.5 452.9 451.2 450.9 451.8 450.2 447.2 444.7 443.8 444 445 445.9 445.8 445.5 446.1
447.8 447.4 447.5 448.2 450.2 455.3 456.5 450.9 447.9 451.2 456.4 453.6 449.9 446.4 444.1 443.7 443.7 442.7 441.2 439.8 439.2 440.1 441.8 443.6 444.6 444.1 443.9 444.8 447.3 447.4 444.9 442.9 442.3 442.7 443.4 444.5 446.8 450.7 455.2 458.7 460.5 459.5 456.9 455.1 453.3 451.4 450.4 450.5 451.1 451.5 452.1 453.5 455.5 457.6 460.2 460.3 456.2 454.3 455.1 452.7 448.2 442.6 438 440.4 446.5 448.5 450.4 451.5 450 447.3 444.9 443.8 444.5 447 448.7 449.9 450.4 451.1
444.9 445.8 446.2 446.3 447.8 451.9 455.3 454.4 452.7 452.6 454.1 454.3 452.2 447.9 444.7 442.9 442.3 441.9 441.3 440.6 440.3 440.8 442.4 444.4 445.8 445.7 445.3 445.2 446.7 448.3 448.5 447.6 447.6 447.7 447.8 448.6 450.8 454.4 458.8 462.8 464.6 463.6 461.4 459.1 455.7 452.2 450.3 450.3 450.7 450.6 450.5 451.2 453.1 455.8 458 458 455.1 451.9 449.3 446 442.6 440.3 440.4 443.4 446.8 448.3 450.4 451.8 452.1 451.2 450.2 450 450.9 452.7 455.5 457.4 457.5 457.2
443.5 444.5 445.7 446.5 448 450.4 452.5 454.5 454.8 453.8 452.6 453.4 451.7 448.3 445.2 443 442.2 442.5 443.3 443.6 443.3 442.8 443.1 444.4 445.3 445.5 444.8 445.2 446.8 449.7 450.8 450.2 449.4 449.3 450 451.2 452.9 455.8 460.1 465.4 468 465.4 462.6 460.7 456.8 452.1 448.9 447.8 447.3 446.3 445.5 445.4 446.3 449.1 452.6 454.3 452.7 449.6 446.4 443.3 441 442.7 447.6 450.2 450.3 450.4 452 453.9 455.5 456.3 456.8 456.8 457.6 458.4 459.9 460.7 460.3 459.2
444.1 444.5 445.8 447.3 448.9 450.6 452.5 453.9 454.2 452 450.2 450 449.5 447.4 445 443.5 442.9 443.6 445 445.9 445.6 444.4 443.6 444.1 444.7 444.9 444.6 445.3 447.6 451 451.6 449.5 447.1 446.7 448.1 449.7 451.5 453.9 457.5 462.2 464.9 463.4 461.5 460.8 457.6 452.4 448 445.4 443.8 442.4 440.8 439.8 439.5 440 441.2 442.7 444.8 445.7 445.2 444.7 445.8 449.4 453 453.3 452.3 452.6 454.1 456.3 458 459.1 459.5 459.5 459.5 459.7 459.6 458.8 457.6 456.7
445.2 446.6 447.6 448.1 449 449.8 451 451 450.8 449.4 447.4 447.3 448.1 446.9 445 443.7 443.7 444.2 445.2 445.5 445 444 443.9 444.5 445.2 445.7 445.2 445.8 448.7 451.9 451.8 448 444.5 443.9 445.2 446.8 448.4 450.4 453 455.9 458.4 459.1 459.3 459.8 458.7 455 450.5 446.6 443.9 442.6 441.2 439.3 437.4 435.4 433.6 434.1 438 441.9 443.8 445.7 448.5 451.8 453.5 452.9 452 453.1 455.6 457.7 458.5 458.4 458.1 457.8 457.4 456.5 455.4 453.9 452.2 451.4
447 447.9 448.3 448.4 448.2 448.3 448.1 447.8 447.6 447.1 446 446.9 448.6 448.2 445.5 444 443.7 444.1 444.1 443.3 442.3 442.2 443.3 445.3 446.7 447 446.5 446.6 449 452 452 448.1 444.6 443.1 443.7 444.9 445.6 446.9 448.7 451.3 453.7 455.3 456.3 457.6 458.9 458.6 455.9 451.7 448.1 446.5 445.9 444.6 442 439 437.6 438.1 439.2 440.5 443.4 446.7 449.6 451.7 452.1 451.6 451.8 453.6 455.9 457.1 457 455.8 454.2 452.9 451.8 450.4 448.7 446.7 445.2 445.3
446.4 447 447.2 447 446.9 446.9 446.3 446.2 446.3 446.7 446.7 447.5 450.1 449.4 446 444.1 444.3 444 443 441.3 439.7 440 442.4 445.7 447.6 447.8 447.4 447.3 448.8 451.9 452.7 450 446.8 444.4 443.6 443.7 443.8 444.5 445.9 448.3 450.8 452.8 453.8 454.8 456.5 458.7 458.5 454.8 450.4 448.1 447.9 447.9 446.7 444.2 442.9 443.5 443.3 443.2 445.6 449.1 451.6 452.6 452.4 452.3 453.3 454.8 455.8 455.7 454.4 452.1 449.4 447.1 445.5 444.3 442.8 441.4 441.1 442.4
444.5 444.2 444.4 444.5 445.1 445.7 446.3 446.3 446.7 447.6 448 448.7 450.5 449.3 445.6 443.5 444.3 444.9 443.4 440.9 438.8 439 441.6 445.3 447.2 447.8 448.2 448.2 449.2 452 453.5 452.7 449.5 445.8 443.4 442.4 442.2 442.9 444.6 446.8 449.2 451 452.2 452.7 453.3 454.8 455.8 453.6 449.4 446.7 446.4 446.6 446 444.9 444.8 446.6 447.8 447.7 449.6 452.3 453.9 454.1 453.8 454.2 455.4 456.4 455.8 454.3 451.8 448.5 445.2 442.5 441.3 441 441.6 442.8 444.7 446.1
