数据测试/湖北大冶航磁_数据裁剪后_selected.grd
DSAA
186 98
6000 15250
9150 14000
-883.827026 2467.604004
[rows 0 to 24 of 98, columns 0 to 55 of 186]
-316.664246 -324.269531 -327.306427 -322.531769 -314.269653 -308.386841 -306.220001 -306.366486 -308.785614 -312.942596 -315.441315 -314.557861 -313.840332 -315.746857 -316.184937 -311.416534 -307.325714 -309.058594 -309.164124 -300.399445 -291.138428 -294.13501 -309.032776 -325.093109 -331.067322 -323.964966 -311.298615 -302.22406 -297.071045 -290.348358 -278.915802 -263.877258 -246.563156 -228.118713 -210.828323 -197.812241 -191.522202 -192.240982 -198.342773 -208.702087 -224.242905 -243.070007 -258.764191 -266.800507 -268.589508 -266.894775 -260.798126 -250.984161 -247.145737 -257.362488 -272.630981 -281.636871 -284.790283 -289.625 -297.419403 -305.903839
-316.952545 -326.061737 -331.507416 -329.658325 -323.397644 -317.750366 -315.159515 -315.715271 -319.153595 -323.648804 -325.617706 -324.108215 -323.171967 -324.444031 -322.280121 -312.991669 -305.298065 -306.541595 -307.916138 -300.223145 -292.120331 -297.040375 -313.535431 -330.649139 -339.687927 -338.800262 -331.665375 -322.9245 -314.587128 -305.501129 -293.563263 -278.465302 -262.715607 -248.635178 -235.619171 -224.592056 -219.845276 -223.055801 -229.578506 -234.511673 -239.057129 -245.032349 -250.420547 -253.71701 -256.451447 -258.303986 -253.281754 -239.67099 -231.389786 -241.926834 -261.506409 -274.794342 -279.458557 -283.147186 -288.607117 -294.744141
-309.889557 -321.54187 -330.382233 -332.608002 -329.686249 -325.606567 -323.544464 -324.850494 -329.254242 -334.21579 -335.873322 -333.708923 -331.87381 -331.327576 -325.792664 -312.3479 -301.857147 -302.759735 -305.283661 -299.085052 -293.011292 -300.583344 -318.956635 -337.104279 -349.057678 -354.149902 -352.718323 -345.796661 -336.525848 -326.733673 -314.628387 -298.892487 -283.706329 -272.983337 -263.522034 -253.68187 -248.792648 -251.905273 -256.607025 -254.935638 -246.970123 -237.485901 -230.862671 -230.406525 -237.09845 -245.983627 -245.776657 -232.416077 -221.764191 -230.536682 -250.287827 -264.74353 -269.538452 -271.218353 -273.549774 -276.78772
-290.229156 -306.64917 -320.888519 -328.869019 -330.981262 -330.286743 -330.188843 -332.872406 -338.360291 -344.081177 -345.974396 -343.439056 -340.052338 -336.230652 -326.323944 -309.154999 -296.78183 -297.613647 -301.160919 -296.815002 -293.626312 -304.713379 -325.456848 -344.516907 -358.299255 -367.668213 -371.102875 -367.32428 -359.713165 -351.158417 -339.694672 -323.610779 -308.382904 -299.293915 -291.916565 -282.596313 -276.224823 -276.317657 -276.434448 -267.020172 -245.865372 -219.757751 -200.575699 -197.498932 -210.55307 -229.658676 -238.827927 -231.467758 -222.440506 -228.83667 -244.868393 -256.478455 -259.224396 -258.461517 -257.953461 -258.684998
-253.870407 -277.608948 -299.615326 -315.397552 -324.613586 -329.462982 -333.13324 -338.189514 -345.372894 -352.565613 -355.603577 -353.233917 -348.046997 -340.153687 -325.278381 -304.404266 -290.378723 -291.100189 -295.679962 -293.627319 -293.974518 -309.002258 -332.258759 -351.956085 -366.613861 -378.823517 -386.279938 -386.239532 -381.686066 -375.542542 -365.47464 -349.662598 -334.288239 -325.56311 -318.984955 -309.850647 -301.682556 -297.325714 -290.155548 -270.246918 -235.502121 -195.325775 -166.618896 -162.12291 -181.56691 -211.772034 -233.146622 -236.177963 -232.957535 -238.811356 -250.149353 -256.170044 -254.512436 -250.733749 -248.063522 -247.164886
-201.533524 -233.763504 -264.864441 -290.084381 -308.269867 -320.668396 -329.890045 -338.660675 -348.651825 -358.477356 -363.633362 -361.941223 -355.116333 -343.313904 -323.716034 -299.154449 -283.335052 -283.832214 -289.472809 -289.900726 -294.106842 -313.445648 -339.331573 -359.291473 -374.018951 -388.260651 -399.300507 -402.914886 -401.394196 -397.425812 -388.730865 -373.774841 -359.084869 -350.938751 -344.794312 -335.608978 -326.14328 -317.987457 -302.343872 -269.723511 -223.417542 -176.42421 -144.257141 -138.432175 -160.473083 -198.374512 -230.540329 -244.407394 -249.243271 -257.824646 -266.566895 -266.759003 -259.359436 -251.77739 -246.921356 -244.629807
-138.364243 -178.604233 -218.843628 -253.763382 -281.681396 -302.978485 -319.197479 -332.829315 -346.528534 -359.760956 -367.728516 -367.344849 -359.663361 -345.023987 -321.673431 -293.990662 -276.494476 -276.742584 -283.429382 -286.356537 -294.4487 -317.889038 -346.05896 -366.130127 -380.972687 -397.299957 -411.581146 -418.139435 -418.61441 -415.836761 -408.054657 -394.420715 -381.409637 -374.687012 -369.450684 -360.602509 -350.628174 -339.967529 -318.18103 -277.285614 -225.857742 -178.747559 -147.41275 -140.229141 -160.247589 -198.253952 -234.172348 -255.366486 -268.410828 -281.919312 -290.606262 -286.750885 -274.027466 -261.818115 -253.659439 -249.24852
-74.294731 -121.048279 -168.946518 -211.653549 -247.702896 -277.226837 -300.396118 -318.987366 -336.566254 -353.611267 -365.145416 -367.204224 -359.956482 -343.684479 -317.883301 -288.502563 -270.387421 -270.675446 -278.261566 -283.608643 -295.462189 -322.52771 -352.678436 -373.083923 -388.525513 -406.994812 -423.974487 -432.272278 -433.487976 -431.044495 -423.929901 -411.712372 -400.721832 -396.00473 -392.791382 -385.601563 -375.227325 -362.101013 -339.796356 -302.74353 -254.768051 -208.144638 -176.732162 -169.360153 -185.771179 -216.352295 -247.082214 -270.410797 -289.75119 -307.632629 -317.032684 -311.448486 -295.43808 -278.702515 -266.067627 -258.297913
-20.787724 -72.186012 -124.582848 -171.432358 -212.045227 -246.674286 -274.463287 -296.573608 -317.34906 -338.11203 -353.759186 -359.473083 -354.220795 -337.953644 -311.584198 -282.557159 -265.324371 -266.135681 -274.645233 -282.456451 -297.796051 -327.674347 -359.200562 -380.402771 -397.293304 -418.209564 -437.248932 -446.122375 -446.867493 -444.087189 -437.403168 -426.431305 -417.183502 -414.407562 -413.912598 -409.136322 -397.783173 -381.732452 -363.419556 -339.35321 -300.815399 -255.16098 -223.977676 -218.412262 -231.150543 -250.083801 -270.206604 -291.664612 -313.939606 -333.11972 -341.995056 -336.19516 -319.292877 -299.19223 -281.932098 -269.932281
17.291872 -38.336945 -92.049232 -138.652756 -178.945892 -213.995789 -242.959915 -266.712677 -289.31131 -312.362579 -331.695557 -342.139343 -341.015228 -327.272125 -302.807312 -276.130219 -260.971527 -262.878967 -272.671143 -283.250458 -302.05658 -334.202911 -366.65274 -388.613831 -407.235596 -430.691071 -451.413574 -459.976135 -459.262695 -455.409698 -448.826691 -438.887604 -430.93985 -429.190674 -429.55899 -424.736908 -411.270691 -393.833557 -381.298981 -369.964264 -342.182526 -302.353424 -276.697174 -275.547668 -285.136139 -292.443573 -301.518829 -319.027893 -340.427948 -357.03418 -363.279755 -357.538239 -341.450867 -320.015228 -299.312714 -283.177307
42.663883 -18.139149 -70.938103 -113.176872 -148.553513 -180.271149 -208.343903 -232.771011 -255.579025 -278.137115 -299.186066 -314.453857 -319.360809 -310.962891 -291.167694 -268.741943 -256.587769 -260.06308 -271.753143 -285.938049 -308.494629 -342.232513 -374.604248 -396.844788 -417.296448 -443.526489 -465.772766 -473.513062 -470.634277 -465.065704 -458.093872 -448.806915 -441.857788 -439.823639 -437.266083 -427.165955 -409.928192 -394.436798 -389.307037 -387.424622 -369.600677 -340.405334 -325.066101 -329.774414 -337.122986 -335.577179 -335.940094 -348.494568 -365.95932 -377.571747 -380.112885 -374.194824 -359.502136 -338.244019 -316.058075 -297.102997
60.888218 -5.756332 -56.361 -91.528534 -118.966225 -145.334427 -172.281662 -197.819061 -219.620361 -238.452179 -258.206085 -277.261963 -289.286621 -288.65863 -276.087311 -259.677795 -251.422165 -256.928497 -271.161987 -289.780426 -316.39978 -351.113586 -382.48941 -404.44043 -426.456909 -455.089508 -478.373718 -484.868927 -479.471771 -471.766785 -463.980774 -455.004089 -448.72171 -445.638367 -438.529663 -421.764771 -401.058411 -388.605835 -390.082947 -394.978241 -385.895325 -368.187286 -363.548676 -373.548126 -379.753357 -373.051422 -367.67276 -374.982056 -386.886353 -392.918732 -391.920441 -385.660065 -372.507263 -352.85141 -331.31546 -311.349945
75.423286 4.466322 -43.129295 -70.995483 -90.324532 -111.220871 -137.685822 -164.913742 -184.525452 -196.740997 -212.43042 -233.80896 -252.953629 -261.186005 -257.443237 -248.498047 -245.031677 -252.998108 -270.225677 -293.834106 -324.542236 -359.45575 -388.835632 -409.931305 -433.146912 -463.428986 -486.468414 -490.680695 -482.358795 -472.751038 -464.371033 -455.400391 -449.101105 -445.228363 -436.699677 -418.715393 -397.469238 -385.389679 -388.837463 -397.898071 -396.233612 -388.1091 -391.560577 -405.030518 -410.630615 -401.384888 -392.496704 -394.94809 -401.203094 -402.212433 -398.128571 -391.058105 -378.996155 -361.598206 -342.596252 -324.059509
88.040993 16.6684 -27.867607 -51.037064 -65.070068 -82.245171 -108.781517 -137.286469 -154.046783 -159.298782 -169.864273 -191.445511 -215.429733 -231.074799 -235.856796 -234.903427 -236.917725 -247.775558 -268.24881 -296.911224 -331.466949 -365.922119 -392.356995 -411.424957 -434.389374 -464.338501 -484.854126 -485.246521 -473.926331 -463.628998 -455.611359 -446.490082 -440.250305 -437.468536 -431.509766 -416.846283 -397.351837 -384.72998 -387.855011 -399.121429 -402.770538 -401.228058 -409.588074 -424.742157 -429.930237 -419.587952 -408.628052 -407.097443 -408.467957 -405.133179 -397.699402 -388.589447 -376.854462 -362.409515 -347.582947 -332.543945
99.458305 32.775963 -9.290299 -31.872639 -45.749641 -62.943855 -90.081985 -118.509041 -133.059937 -134.577957 -141.22847 -160.204697 -184.042038 -202.62999 -213.17337 -219.288757 -226.897491 -241.107544 -265.028748 -298.522095 -336.265411 -369.112793 -390.512634 -404.729767 -424.696167 -451.901001 -467.127319 -461.604797 -447.474152 -439.11142 -433.421722 -424.038391 -418.070984 -418.252563 -416.754364 -406.343201 -390.101715 -379.694641 -384.226379 -397.220062 -404.380951 -407.14035 -418.126648 -433.406219 -437.61554 -426.510101 -414.335724 -410.169098 -408.095154 -401.213318 -389.924896 -377.416351 -365.286255 -354.203308 -344.256927 -333.212708
109.30278 51.071548 10.779944 -14.542441 -33.063999 -54.410629 -82.978065 -110.247879 -123.772301 -125.38559 -130.472168 -145.36853 -164.485535 -180.458359 -192.469788 -203.512131 -216.216232 -233.901596 -261.192169 -298.866028 -338.805298 -368.068481 -380.201202 -383.472107 -396.098206 -418.764618 -426.211823 -412.144196 -395.490875 -392.992371 -391.901184 -381.333221 -375.008423 -379.449432 -383.48407 -377.784576 -367.01474 -363.095398 -372.014984 -387.115814 -397.071991 -403.274872 -415.026276 -428.487244 -430.897125 -419.71347 -407.489563 -401.910645 -398.009094 -389.081848 -374.259949 -357.894012 -345.555634 -338.658936 -333.588074 -325.103088
114.698242 65.824646 26.896362 -2.275803 -27.133595 -53.923359 -83.754272 -109.293167 -122.550209 -126.415367 -132.216782 -143.824615 -156.506622 -166.465286 -176.725677 -190.647018 -207.120544 -227.142426 -256.845093 -297.97052 -339.047607 -361.454376 -356.439941 -338.601349 -338.665253 -356.452545 -353.681732 -327.741699 -309.566895 -318.845428 -325.108154 -311.246307 -302.378876 -311.559204 -321.792328 -321.71405 -320.079254 -328.201324 -344.636566 -362.070282 -374.884613 -385.290619 -396.263245 -404.969238 -404.236084 -394.469757 -383.853516 -378.189789 -374.463196 -366.081543 -349.630798 -330.531097 -318.916565 -316.952332 -316.709106 -309.765045
111.274826 71.152924 33.886097 2.091677 -26.8426 -56.099461 -84.855713 -107.943504 -121.457611 -128.545029 -136.379471 -145.936066 -152.996674 -157.188217 -165.103638 -180.18399 -198.19989 -218.918732 -250.313065 -294.653717 -335.902588 -346.937988 -314.567932 -263.877319 -245.832397 -256.941559 -238.753067 -196.179016 -179.427353 -209.769653 -226.601608 -205.04744 -189.040649 -202.608536 -220.606094 -229.030777 -242.289139 -268.986877 -295.348572 -314.389435 -330.692474 -347.792999 -356.507202 -356.123718 -350.238861 -344.284119 -337.847687 -334.042206 -333.48111 -329.159271 -313.086304 -292.079956 -282.769104 -288.227264 -294.640533 -289.934296
95.870941 65.401543 32.07917 0.514989 -28.774494 -56.159496 -80.374107 -99.339912 -112.99955 -123.50563 -133.160858 -140.653687 -143.759094 -145.082077 -152.268158 -167.303391 -184.632492 -204.957062 -238.192764 -286.00351 -325.816162 -319.289795 -248.199738 -154.096649 -113.452744 -114.423698 -72.65847 -7.134663 3.355007 -60.428417 -91.446297 -55.256733 -24.770807 -42.062023 -70.690109 -92.601814 -128.38208 -180.129654 -217.335342 -236.020676 -257.042542 -285.271606 -291.057526 -276.565094 -262.679779 -262.453827 -261.88327 -261.974396 -269.247681 -273.955841 -259.529602 -235.963058 -230.771988 -248.189209 -265.061432 -264.202423
70.505318 52.561348 27.085979 -0.882242 -27.469734 -50.132786 -68.002518 -82.147453 -95.392578 -108.101509 -118.041435 -122.935249 -123.689545 -125.042442 -133.266068 -147.755524 -162.930939 -181.810547 -216.241974 -266.761749 -303.175507 -273.039551 -151.005951 -2.192686 63.906658 72.975952 145.125458 241.543015 241.49234 130.80748 81.681915 141.228531 193.902908 174.433487 129.457336 86.288879 19.891983 -60.602779 -106.459091 -121.391846 -148.708832 -193.056473 -196.648972 -164.409058 -139.378845 -143.622772 -147.476974 -153.166458 -175.211349 -195.442917 -182.871857 -154.497604 -156.034058 -192.641586 -225.306473 -229.707001
42.830284 38.952065 24.259121 2.315413 -19.673925 -36.995205 -49.977951 -61.135658 -73.153633 -85.041939 -93.678223 -97.019035 -97.441132 -100.003975 -109.36348 -122.865166 -135.075897 -150.452682 -182.063782 -230.75444 -260.774139 -202.564789 -17.48934 198.26474 289.657837 300.360321 403.057617 537.360901 525.350403 357.566345 287.123138 373.541168 450.280487 432.916595 367.318939 294.462341 192.700058 85.776009 37.974213 31.396921 -4.782755 -70.486198 -74.575188 -23.660925 16.686434 14.967787 12.568352 -0.488433 -46.373035 -89.139023 -76.896141 -39.951977 -51.224957 -115.679619 -171.104813 -183.037567
22.37339 29.716856 24.984261 9.521576 -7.556354 -20.69083 -31.676706 -42.158558 -52.241859 -61.116066 -68.741554 -73.47139 -75.705963 -78.920059 -87.758568 -99.331673 -107.919365 -116.859985 -138.858322 -177.812271 -197.012085 -108.079231 146.867477 436.269684 550.247253 551.315125 677.548828 851.240051 828.786438 602.064697 507.84906 617.307861 713.89624 698.874878 611.424744 507.100006 373.764191 250.438217 210.973022 216.356003 167.376755 77.86187 72.345352 142.173798 201.324982 211.012436 218.36879 197.770325 119.955284 49.109398 64.68988 115.024727 90.173668 -12.99849 -100.324745 -123.498062
15.952832 28.706919 29.314957 17.611216 3.219796 -8.199336 -19.100737 -29.554617 -37.739479 -44.510162 -53.362747 -61.852386 -66.58918 -69.284027 -75.956062 -84.472885 -88.036354 -87.796623 -96.109459 -120.252403 -122.949013 0.530572 320.256317 672.058472 804.072876 795.65564 938.620056 1143.498657 1111.379761 835.170532 719.309326 843.010986 949.218018 929.326965 822.652832 696.671143 546.514954 422.018677 400.418732 418.01944 352.698944 242.621445 239.979477 329.671051 407.83728 435.229126 461.946045 437.992889 324.040894 221.816116 245.563873 314.1745 272.210754 120.079094 -8.716761 -47.587273
26.409807 39.13509 38.883427 25.865032 10.746855 -0.768491 -11.983678 -22.853252 -31.481644 -39.877277 -52.373863 -64.853508 -71.57209 -73.756577 -78.550331 -82.76722 -77.977577 -67.649834 -67.162033 -79.648102 -58.851627 104.727402 466.122406 843.099426 987.040405 990.568481 1150.507324 1368.175171 1325.993164 1025.516357 898.068115 1019.25238 1118.798584 1087.520386 972.635071 842.179199 695.29834 586.339661 589.57251 617.09729 535.061096 413.737091 423.182037 533.85144 626.261353 672.960571 729.289734 711.204041 562.237854 428.857361 465.664764 555.591248 492.795502 282.842621 106.413773 47.639694
52.734512 62.090397 56.106049 37.000282 17.79001 4.700025 -7.182354 -19.605627 -32.083229 -46.236057 -64.321358 -80.269539 -87.980682 -90.180588 -94.652542 -93.908005 -77.777969 -60.705338 -64.410927 -73.349846 -21.045109 184.879501 549.878601 899.541016 1048.96582 1097.590454 1280.537964 1489.284302 1439.57666 1152.2146 1027.989746 1130.822144 1210.775269 1165.169434 1053.414673 935.072815 808.983765 729.990601 760.634521 793.642456 699.711731 582.295898 615.643188 746.622437 843.797729 906.910339 1000.760132 999.131897 821.55365 663.365784 718.511719 829.759338 742.117737 473.343201 251.74559 167.84613
