数据测试/湖北大冶航磁_数据裁剪后_selected.grd
DSAA
186 98
6000 15250
9150 14000
-883.827026 2467.604004
[rows 25 to 49 of 98, columns 0 to 55 of 186]
91.217834 96.578346 82.607086 54.11565 27.465284 10.353301 -3.382304 -18.455631 -36.658035 -58.504589 -82.917542 -101.935776 -110.098755 -112.621696 -117.219086 -110.956306 -84.324547 -68.45034 -88.981964 -99.368309 -11.01545 228.527939 558.786987 840.747559 990.982788 1104.922485 1312.106079 1496.828979 1447.928589 1209.390259 1102.06543 1173.466187 1224.785522 1170.5354 1073.551758 978.656738 884.971558 843.78125 897.430176 930.786804 835.810242 738.69928 801.273071 945.778076 1039.909912 1118.205444 1250.335083 1268.741943 1074.334961 909.034424 990.931519 1119.922729 1002.201294 678.016724 419.34137 311.134491
135.89888 139.859421 118.587029 79.21431 42.332161 18.090359 0.078499 -19.009821 -42.905327 -71.132843 -99.933853 -120.696877 -129.3134 -132.274429 -135.121582 -122.583717 -91.343163 -86.20636 -127.304901 -136.953018 -16.219646 236.957367 508.5784 711.37262 860.528442 1034.230835 1254.810913 1409.14856 1372.257446 1204.267212 1121.166626 1153.713623 1173.37854 1124.08728 1052.113647 985.7854 929.1604 924.290955 989.076294 1017.697937 935.688538 871.683411 957.951355 1103.677612 1192.689697 1286.178711 1445.385498 1478.298706 1286.532349 1140.713867 1253.534058 1389.132446 1238.846558 872.654541 591.085632 468.714966
177.577179 183.072632 157.621017 109.296936 61.59174 27.602509 2.866657 -20.837688 -48.420074 -79.174248 -108.417358 -128.464676 -136.777008 -139.297272 -138.383682 -121.174034 -93.591934 -104.511581 -160.350616 -164.15593 -22.794264 221.756134 430.385071 566.846863 713.718994 922.786255 1137.962769 1262.453613 1246.996094 1152.990845 1093.062988 1089.569336 1085.817261 1052.951782 1010.340332 973.133789 951.265442 973.040588 1034.485962 1055.3573 998.460388 973.399353 1070.984375 1205.37207 1290.016357 1393.729248 1558.478394 1597.493408 1433.033447 1328.084351 1458.538086 1579.562866 1405.010986 1028.533813 748.272034 625.930115
209.279953 216.35463 189.873672 136.952682 80.88726 37.189468 5.217678 -22.277317 -50.558441 -79.538429 -105.223328 -121.992958 -128.544128 -129.172287 -123.988853 -105.554916 -87.227325 -112.193718 -171.899414 -166.425339 -20.103601 198.978348 354.569153 447.86673 589.634094 804.415466 997.18689 1097.282959 1107.192017 1074.775513 1032.3125 1003.520691 990.146057 979.127747 964.910217 953.664612 959.665649 995.944458 1044.723511 1058.606079 1032.253052 1043.176636 1138.740479 1253.085938 1334.054321 1438.837891 1585.685547 1623.424316 1505.734863 1446.967407 1566.338379 1649.228882 1470.151367 1129.235596 882.25116 770.647644
229.946625 236.280579 209.444672 155.041626 94.742226 45.054493 8.527155 -20.413519 -46.732986 -70.787056 -89.840675 -101.10643 -104.554939 -102.043617 -92.304718 -75.055649 -67.900322 -100.198868 -151.083282 -133.946152 2.296257 183.83107 299.136353 370.572479 503.911713 701.446899 863.162231 946.183472 978.71051 987.589966 957.953491 919.190491 908.075867 917.511658 925.900452 935.069946 960.740723 1002.641541 1037.435669 1047.640381 1049.103516 1086.185059 1170.696411 1261.983765 1337.880493 1433.79895 1546.952393 1578.961426 1513.438477 1491.682739 1574.674805 1607.478149 1446.341797 1181.557861 995.916199 901.670471
239.021347 239.640488 211.729813 159.620453 101.599487 52.785988 16.804668 -10.815124 -34.137737 -52.586174 -63.804131 -68.133949 -67.112869 -59.786495 -44.136471 -28.291483 -31.225502 -62.966766 -94.116142 -63.759888 51.212368 187.622238 271.852783 334.431366 455.87088 623.817444 755.024353 828.481018 876.409546 906.470398 888.133972 853.669739 850.842163 874.519592 898.464722 922.756409 960.973083 1003.554688 1027.739258 1037.586792 1059.427002 1110.670044 1180.568848 1250.425903 1318.211426 1397.731079 1472.74585 1497.045288 1474.519043 1473.977661 1511.454224 1498.928711 1371.670776 1199.920166 1087.733276 1018.792175
236.256271 226.553802 197.864014 153.183945 104.70668 63.438004 32.388924 8.193527 -11.701248 -24.934744 -29.010164 -26.404627 -19.644243 -5.414867 17.219234 32.567001 23.244434 -1.272394 -7.969734 33.842339 121.852882 212.706573 273.479248 333.2034 438.891571 572.840149 679.128174 748.912964 804.11676 840.949829 834.468201 813.71106 820.260193 851.455627 885.484985 921.337402 966.808105 1007.691772 1025.838501 1037.300049 1070.061035 1124.012451 1179.109497 1231.424561 1288.524902 1348.696655 1390.521362 1406.716797 1410.765137 1416.602661 1413.453125 1370.300537 1283.089233 1200.467773 1159.252319 1122.126587
227.119141 207.567001 179.950317 145.80101 110.559929 79.702614 54.786953 34.818188 19.739452 12.342484 13.908412 21.52948 33.714855 55.108589 83.982208 100.222153 90.268036 77.195389 92.021622 139.59433 200.797287 254.37294 300.266907 358.439453 444.622314 544.698853 631.651306 700.313477 757.123291 793.915649 798.443298 793.42218 808.671814 844.977112 888.151184 934.000977 982.141235 1019.949768 1037.953857 1053.299194 1086.648438 1131.886353 1172.584717 1212.082642 1258.101318 1299.937988 1317.723389 1326.079712 1340.740234 1343.589233 1312.166748 1254.763428 1204.071289 1190.231689 1204.958862 1200.758911
219.808029 195.378677 171.422516 147.72464 124.220619 102.276566 83.155739 68.57135 60.108566 58.899288 64.158928 74.226288 90.009331 115.841591 147.03096 163.938507 158.500992 158.10849 187.064575 234.079651 274.147095 304.061096 342.404938 397.322693 462.942444 533.652405 605.615479 672.954956 728.563843 763.71759 777.145203 786.111328 809.829468 851.545471 903.110107 956.494629 1004.599976 1040.585327 1063.827148 1084.329224 1110.484863 1140.39502 1169.256714 1200.719727 1235.812134 1260.837891 1264.104248 1266.768799 1280.846924 1276.006592 1229.535889 1170.846558 1147.013184 1172.234253 1215.403198 1234.45874
217.395035 193.715637 175.594055 160.747711 145.221634 129.243225 115.752296 107.977318 106.91272 110.921631 117.77742 128.381531 145.959549 171.867981 198.496841 212.539551 213.759521 225.564636 261.792358 304.966766 333.008118 352.913422 387.870056 436.739136 484.739136 534.711609 596.50061 662.013428 715.234985 748.674927 769.059937 790.293091 822.895508 868.807129 922.682007 976.964966 1025.310425 1065.778564 1099.038818 1124.450684 1140.863403 1156.310791 1178.603149 1206.052124 1229.114014 1236.814209 1232.979614 1234.670044 1243.400513 1229.39978 1178.293823 1125.364868 1114.476318 1146.814209 1187.685181 1213.061157
217.764618 197.948868 185.76535 177.665848 167.661636 156.228851 148.199478 146.970505 151.859512 159.035782 166.157776 176.527481 194.151123 216.061386 233.126099 241.26123 248.233795 269.915588 309.557922 349.797516 374.946106 394.327209 426.73996 467.619263 504.320862 545.039612 602.772949 666.508179 716.498779 748.358826 775.214905 808.094727 849.115051 896.722534 946.968689 996.827209 1046.010132 1095.710815 1142.072144 1172.197632 1179.137329 1183.913574 1204.695313 1230.723022 1240.987915 1232.467773 1227.532349 1233.225098 1235.965332 1212.949707 1163.514282 1117.721802 1104.767944 1119.749512 1138.532471 1154.424194
218.118179 201.541672 192.082245 187.527252 182.530975 176.67363 173.707245 176.600388 184.438034 193.147476 200.753799 210.676025 225.745575 241.289917 250.288498 255.16687 266.873169 294.772186 335.961792 375.7341 403.50119 425.944611 455.101715 488.563629 521.369568 562.92926 621.772705 684.20929 731.287109 763.094727 796.778809 839.510254 886.556213 934.371094 981.272644 1027.321045 1076.009399 1132.843262 1191.945923 1227.288818 1225.92749 1221.543579 1240.870972 1265.398193 1266.578125 1249.843262 1248.251465 1258.119629 1255.615723 1227.934326 1184.918945 1144.040039 1116.802124 1100.253418 1087.996704 1082.890869
219.746063 203.577988 191.161667 185.558456 185.373383 186.89653 188.663147 193.154053 201.734329 211.403534 220.060349 229.60643 241.404892 251.808853 257.611908 263.691071 279.89505 311.027527 352.275024 392.350647 423.970673 450.028168 477.298828 507.164063 541.510376 588.139038 649.478149 710.942322 757.150452 791.799255 832.187866 881.087646 930.596985 978.400452 1025.512329 1070.722656 1116.667603 1174.018188 1239.128784 1277.719238 1272.804321 1263.071411 1278.769409 1300.198242 1299.685181 1286.613647 1290.39917 1300.042603 1292.453491 1266.224243 1233.756226 1195.49231 1147.955933 1095.766724 1050.603149 1019.19458
225.57457 207.993774 189.458664 179.597488 182.168839 190.180115 196.290787 202.170822 211.532974 222.565384 232.513321 241.718521 251.152374 259.335999 266.222351 276.593811 297.267944 329.875336 369.783905 409.092529 442.975464 472.092407 500.383179 531.164551 569.138184 619.704224 681.664246 741.804504 789.3927 830.204224 878.214783 930.83783 978.993774 1024.08252 1070.764282 1115.637939 1158.009277 1208.283936 1265.454468 1301.907104 1304.494385 1300.748413 1313.629028 1331.093506 1335.994507 1333.345703 1337.985962 1340.154297 1328.723877 1310.280151 1290.938232 1254.304077 1187.339722 1103.691406 1029.673462 973.858765
236.202637 218.860657 196.835449 183.092453 184.72496 195.204529 205.203079 213.698608 224.081757 236.758026 249.568054 259.850098 266.847198 272.957611 282.608551 298.707001 323.409149 356.097748 393.875397 431.448975 465.432159 495.969391 526.53772 560.908752 603.171021 655.173706 713.792603 770.663879 821.340637 871.125549 926.521667 980.355347 1024.380981 1063.191406 1104.400146 1145.800049 1184.133057 1222.571167 1261.816284 1293.924683 1314.017578 1326.165527 1339.456299 1354.664063 1367.389038 1371.465454 1367.390503 1356.695068 1344.349854 1336.700439 1328.103271 1292.401733 1214.468628 1112.06958 1017.581177 943.227234
248.800049 235.630005 216.414719 202.17923 200.700897 210.247101 223.558853 234.810593 244.998764 260.374969 281.38443 296.760681 298.487274 296.585052 306.049744 327.583374 356.050568 388.361023 423.769806 459.13327 491.841919 522.622986 555.560608 594.238708 640.189392 690.479248 740.972778 791.629578 845.4599 902.585571 959.392334 1010.086426 1050.880981 1083.672241 1114.5354 1148.090942 1183.037476 1212.047119 1235.753418 1266.244263 1304.72522 1332.725098 1347.592529 1361.833008 1379.501221 1383.245239 1366.946899 1345.199951 1332.324341 1328.079712 1319.1698 1282.838013 1207.536011 1104.330933 1000.332642 915.128052
259.58725 254.027283 242.899979 232.150818 228.674469 236.946838 253.076324 265.602509 273.720306 293.254974 328.471375 353.437195 347.222992 330.706055 334.829132 359.472961 391.013275 422.333557 454.032837 486.043945 517.820374 550.039001 585.755127 627.803406 675.162231 720.540649 759.837158 801.614807 854.334961 911.16095 961.334106 1005.34021 1044.075317 1072.352295 1092.205322 1117.53894 1151.585449 1178.429077 1197.066895 1230.042969 1279.598145 1315.379639 1329.496948 1341.583862 1359.567871 1360.343506 1336.230835 1308.89209 1293.654663 1283.115234 1264.19458 1226.387817 1163.508545 1074.00415 973.029053 887.144653
267.478485 270.18399 268.098389 262.715851 260.068726 268.528809 286.198486 298.812256 305.799683 330.477966 378.73114 412.416595 401.403229 374.401672 372.480774 396.286255 427.270935 454.980438 480.705414 508.507721 540.659241 575.807495 613.27417 655.716248 701.812561 741.406799 769.803589 800.621155 845.001526 892.695435 931.334473 965.670593 999.268616 1024.2146 1040.344116 1063.272827 1097.310669 1125.978027 1148.25293 1184.809204 1235.19873 1270.559814 1283.375 1293.001465 1307.104858 1304.790527 1279.776123 1252.879761 1235.652588 1217.696289 1190.156616 1152.99585 1103.796997 1032.952637 946.355225 869.896484
274.306 282.667267 286.461456 285.586456 285.824585 295.010986 311.407166 323.547913 333.213043 362.019989 413.208405 450.289246 445.934326 424.495941 421.422577 440.085907 465.443878 486.957306 505.908051 529.229553 560.758301 596.270508 631.744263 670.964783 714.059692 749.229919 769.704102 789.845459 821.65863 855.898438 881.643188 904.0401 928.653687 951.903198 973.036072 999.186829 1031.426514 1061.504028 1089.745728 1125.63147 1166.655151 1196.790771 1212.040405 1222.567017 1231.312988 1226.734497 1207.131836 1186.38916 1170.41687 1150.84082 1123.175781 1091.058228 1053.667603 1001.557373 935.890686 873.486206
282.024933 292.467529 298.135712 299.544647 302.249786 310.536621 322.451172 333.74707 349.108398 380.900452 427.401917 464.721008 475.624756 471.338043 472.637909 485.784302 503.924713 519.362549 532.851196 551.609009 579.40564 610.665039 640.638062 673.695679 711.159424 742.168091 758.761841 771.382446 790.598816 811.734924 827.427124 840.371704 856.835388 879.548157 907.543884 937.279297 966.400146 996.037476 1026.791992 1056.008545 1082.393921 1106.530273 1128.047485 1143.703979 1149.373291 1144.496704 1133.369263 1121.69812 1110.609863 1096.153198 1076.723633 1054.348267 1028.21521 993.260864 948.540649 898.603271
293.217285 303.922333 309.547913 311.322784 314.211853 319.792114 326.97522 337.64975 357.26001 389.173645 428.999268 465.623016 490.348633 502.736694 510.968384 522.746094 538.08429 551.286743 561.598389 575.42572 596.703796 620.878845 643.721863 668.054016 695.443542 720.124268 736.302002 746.569763 755.879639 766.298767 777.065552 787.32019 800.666626 822.999695 853.514587 883.82428 910.357483 938.04895 966.415344 987.312439 1002.318054 1022.165894 1048.159058 1068.47998 1074.99231 1073.57251 1071.412109 1068.905762 1065.099854 1060.018799 1053.423706 1043.841797 1029.660156 1009.835693 981.615051 940.087219
309.405304 320.666443 327.286804 329.46524 330.95871 333.557678 338.247559 348.180481 366.62204 393.074768 424.90274 459.063293 490.659821 512.328491 525.797424 540.412231 559.730957 576.039185 585.465698 594.881958 610.319031 628.62085 644.69696 658.222229 671.540283 687.150818 704.526917 717.222961 721.403625 724.847351 734.801208 748.10553 763.497864 785.312317 813.516663 841.418396 866.135254 890.967407 914.271973 929.488525 940.385437 958.473206 984.442261 1005.960938 1015.813965 1021.043091 1027.909424 1034.452271 1039.709595 1046.129028 1053.392456 1056.682739 1052.884888 1042.88147 1023.707886 988.08667
330.794556 343.96637 353.793213 358.10437 358.950836 359.58194 362.53183 369.461029 381.094788 397.465668 419.863586 449.224762 481.157104 504.776123 520.005859 538.017334 563.077637 584.23053 594.933105 602.678955 615.232727 630.50061 641.580322 644.757507 643.656433 650.040283 668.880066 685.9422 689.019836 689.367981 700.869141 719.931091 740.489075 762.771606 787.580017 812.437988 835.337036 856.162476 873.775452 887.203186 900.113281 918.151367 940.381531 959.809265 973.914856 988.126282 1005.372314 1022.246948 1037.833618 1054.900269 1072.322266 1083.44873 1084.3573 1076.830688 1060.085815 1030.706665
355.948975 371.829559 386.72821 395.492523 397.619171 396.551544 395.9198 397.259613 400.509705 405.922974 417.353119 438.972443 467.319855 490.003754 505.016418 522.58374 547.524475 571.091187 586.088318 595.982117 607.191101 620.846497 629.844116 626.841248 615.937378 616.131226 635.733154 655.67511 659.489807 660.330322 675.480042 701.347229 728.587341 753.93219 778.496582 802.447754 823.101013 837.755676 848.805664 863.01178 881.847717 901.132446 917.854736 933.318665 951.380005 975.044556 1003.100586 1030.680786 1055.32373 1077.449585 1095.525635 1105.339478 1104.885132 1096.052612 1080.21936 1058.250366
382.278839 400.478973 421.577942 436.442291 440.666565 436.819885 430.492645 425.755005 423.142456 420.271698 420.763733 432.354889 454.934448 476.1203 489.777863 501.527557 518.590088 541.391357 563.136414 577.985413 588.041626 599.65802 608.110535 603.804016 590.220154 588.816895 608.060913 628.509705 634.501709 639.392883 660.007813 692.782654 727.68689 760.333618 790.94574 817.948914 835.636475 840.67926 842.423645 857.143982 883.21106 904.746277 916.018372 926.920349 947.549805 978.177185 1013.552185 1047.464478 1075.040161 1093.290283 1102.028198 1103.590698 1100.190796 1092.3302 1080.206177 1065.198608
