数据测试/湖北大冶航磁_数据裁剪后_selected.grd
DSAA
186 98
6000 15250
9150 14000
-883.827026 2467.604004
[rows 25 to 49 of 98, columns 56 to 111 of 186]
259.336945 179.742493 124.841522 101.434692 65.09343 -1.191071 -45.950321 -74.193779 -85.476151 -111.467857 -157.556168 -205.263 -229.195786 -241.226776 -263.999451 -294.989502 -316.262177 -325.212921 -329.03064 -332.92807 -335.057892 -335.7323 -336.871033 -340.003113 -348.477783 -373.331207 -424.237885 -479.552765 -513.051147 -526.364014 -556.463989 -610.382385 -687.063171 -762.287598 -812.47406 -823.303528 -789.853577 -717.399414 -621.005249 -526.442993 -455.869446 -406.399872 -364.394318 -331.008392 -307.924896 -269.831207 -192.871124 -112.546982 -82.915497 -87.834587 -73.358284 -50.132339 -56.17334 -63.261147 -28.287951 28.775801
395.370392 299.455383 249.106689 237.179749 198.093735 116.194023 63.98748 45.768719 50.685818 31.857693 -23.765783 -89.295349 -124.999107 -142.390793 -172.290375 -215.445984 -251.737549 -274.648621 -287.772034 -294.2948 -293.092072 -288.96701 -285.425079 -275.82489 -262.124817 -274.784058 -336.183746 -388.539063 -383.427734 -337.760895 -354.573151 -429.698639 -521.216553 -601.854797 -668.064514 -710.50354 -706.14679 -652.54364 -567.50885 -483.537323 -425.419525 -387.612457 -354.082428 -328.2901 -313.640717 -280.966095 -204.01416 -122.060715 -92.917122 -97.783012 -80.914742 -57.688679 -67.887207 -77.333107 -39.631001 19.218153
534.090698 429.465363 392.07193 394.7948 351.155731 251.503632 192.099625 193.777313 223.686142 216.657898 150.377594 63.914593 14.001583 -11.186908 -52.455795 -112.159157 -166.161972 -204.378754 -227.751419 -236.742371 -229.824219 -217.368774 -204.121841 -173.427216 -127.526299 -126.650177 -205.570984 -248.389008 -179.521545 -43.275894 -44.650753 -155.119064 -261.456329 -343.256256 -425.356415 -514.24707 -558.590576 -539.478638 -476.157959 -410.345215 -369.937592 -347.126984 -324.576752 -308.139679 -302.910309 -277.09903 -203.989929 -125.055756 -98.850204 -103.552895 -84.280769 -62.087578 -77.695351 -90.874161 -51.880581 9.030735
668.099365 566.476746 548.841064 566.882629 518.534302 405.593475 346.512726 374.137634 438.868164 452.360443 376.191101 265.348236 199.180634 163.786148 105.134476 22.758125 -51.747036 -105.943268 -140.956223 -154.433472 -142.439728 -119.665428 -90.483734 -28.83058 59.742821 71.003159 -32.045315 -60.438404 106.542984 360.407104 366.083649 212.709229 96.677643 27.355371 -70.732407 -221.319427 -335.007751 -365.186005 -335.13385 -297.905762 -283.488739 -281.461884 -274.142944 -269.831207 -274.835602 -256.770294 -190.742966 -119.1856 -97.867645 -102.074516 -80.809158 -61.173512 -83.576836 -101.983734 -63.422447 0.191261
797.276367 707.876282 711.208801 742.364014 692.515015 575.851257 527.04425 587.709473 697.115784 739.466675 655.463989 518.694092 436.51358 389.208588 305.41806 192.240585 93.986282 23.089577 -26.071182 -48.316368 -33.664936 -0.198877 48.02301 145.645645 275.716827 287.997314 170.86261 170.053284 460.523773 842.51593 846.05481 635.334595 511.309937 494.071075 391.539063 161.40126 -37.668644 -123.776321 -131.682343 -132.261902 -155.46228 -184.717087 -200.254669 -211.698105 -227.097672 -217.098053 -161.859543 -102.487991 -87.850777 -90.962868 -68.285652 -53.126434 -83.853775 -108.706848 -71.780785 -5.165457
923.931519 851.465454 870.446533 908.135803 860.326538 752.341003 723.520813 822.363586 980.940979 1055.871338 966.332397 808.281433 717.774475 659.88855 542.197754 389.788086 267.33429 182.523926 116.697075 77.931732 89.302887 131.46936 196.948853 323.659851 481.145081 489.260345 377.901215 421.910217 835.346008 1320.025391 1315.389038 1061.701416 957.528137 1026.040039 927.143555 610.500977 324.815125 187.485825 139.149567 89.979332 18.609749 -51.398338 -98.745102 -131.527954 -156.94104 -154.141769 -113.555183 -72.253654 -66.104538 -67.451828 -44.787022 -37.159843 -78.060097 -109.770103 -74.608276 -5.437439
1046.471802 991.554626 1014.326843 1047.271606 1003.439392 913.553101 906.559631 1040.302002 1248.109253 1359.938599 1270.571289 1102.054199 1017.133789 954.312012 797.29248 600.159363 457.638336 363.455994 279.948425 215.555801 215.067413 260.046143 338.99469 481.217407 648.153442 656.274719 567.815002 664.058655 1162.355225 1689.151733 1685.020264 1450.140381 1423.018799 1571.000977 1466.220825 1074.689209 724.982727 549.384216 460.241974 352.794464 230.274048 118.654724 33.284405 -27.944965 -63.942944 -67.424843 -45.143684 -27.06044 -30.186953 -29.234121 -9.152063 -12.93902 -65.124756 -102.614845 -68.726715 0.880597
1152.299805 1113.955933 1127.753906 1144.158447 1102.769775 1033.095947 1043.823486 1202.782104 1451.233643 1597.98291 1519.16394 1362.545898 1304.831177 1245.582153 1046.105835 806.058777 652.623657 551.726013 449.42218 356.441254 337.955261 375.634888 459.925446 602.7099 759.123047 773.841003 722.768372 867.262756 1384.433228 1883.810791 1895.772705 1741.961304 1835.179077 2040.873779 1921.807983 1493.793457 1126.508179 929.906067 797.221069 629.249756 462.351379 317.122437 191.960388 95.961235 48.167912 39.053726 41.012733 33.543331 21.961451 25.380489 39.267811 20.247997 -42.716492 -83.344154 -50.49786 15.360921
1216.86731 1197.035522 1197.338867 1191.074585 1147.866333 1095.319214 1119.881592 1289.780396 1552.482056 1716.435913 1664.41687 1556.870728 1551.623535 1501.599121 1264.213623 991.678711 830.134644 724.484985 605.9328 488.684448 450.96933 474.5271 556.522278 690.070618 830.513367 861.555298 848.555542 1015.658203 1485.006104 1910.375366 1960.21228 1925.785278 2128.232422 2353.921631 2221.715332 1804.686768 1466.12085 1277.646606 1109.932007 890.194519 694.245789 528.352234 366.80658 234.642944 174.546204 159.900986 140.473923 108.077309 90.508545 96.115395 99.865158 63.299702 -7.978797 -48.38932 -17.528648 39.099678
1221.80249 1222.025024 1214.029541 1188.078613 1139.592773 1100.851807 1136.727417 1295.624634 1527.033691 1678.609985 1678.702148 1665.376099 1727.595947 1685.102295 1425.086792 1133.739014 961.573181 857.408875 733.565063 602.807861 547.598633 557.301941 632.801697 754.292236 879.730835 928.958679 947.559753 1111.863525 1494.106567 1834.777954 1935.487183 2013.230347 2264.759766 2467.604004 2338.385742 1981.536133 1707.286865 1549.963135 1361.273193 1110.47876 906.224487 733.771667 543.430603 379.431427 308.721924 287.542786 247.818954 194.658493 174.575989 181.286087 171.049194 116.131317 40.066986 2.868258 29.831995 72.084679
1172.041138 1182.858887 1172.394531 1136.554199 1085.412842 1060.513672 1100.28064 1221.702759 1371.985962 1486.539307 1566.525635 1680.39624 1804.876221 1763.74646 1503.82019 1216.760864 1043.075562 943.338745 824.156067 694.047791 625.29541 625.497192 695.086914 806.401001 916.172974 974.552429 1018.784546 1170.533569 1464.200195 1734.962769 1875.507568 2018.010986 2254.750732 2409.828125 2305.037842 2049.1521 1860.447876 1732.488647 1532.037109 1277.338623 1084.727905 916.641968 707.810974 523.296204 445.484558 414.595642 356.284607 289.88623 270.669281 276.190094 249.352219 177.54007 100.407631 67.879868 88.271194 112.525948
1088.797607 1092.793823 1077.744385 1040.39856 995.456787 985.599731 1018.002625 1084.487671 1123.900879 1194.799805 1370.077759 1610.608521 1772.892212 1729.196899 1500.008911 1250.95459 1091.059814 991.892761 882.130676 763.839355 688.942139 683.654846 749.231934 851.473145 944.919739 1004.389832 1065.935303 1204.523071 1430.657715 1651.7854 1810.933228 1967.319458 2149.786133 2251.841797 2188.814209 2044.037476 1935.867676 1827.020264 1626.720581 1391.005615 1223.225098 1065.569458 849.877869 656.2453 571.753113 530.64209 459.997498 389.586456 373.490356 374.559937 330.507568 245.519272 170.675629 142.520523 153.449738 158.238129
1000.842651 982.442871 952.855652 915.141113 885.612915 893 908.793091 914.812988 848.309814 888.106445 1148.752808 1480.587036 1651.379028 1608.739746 1437.354248 1253.028564 1116.812622 1017.516541 919.414185 819.292236 747.620483 738.96814 800.11676 893.382507 972.313477 1029.380981 1099.317383 1225.65918 1406.964233 1593.705322 1752.121826 1893.002808 2014.193604 2075.307861 2056.77832 2004.046387 1952.698242 1854.286987 1664.778809 1461.526611 1322.491577 1177.113403 964.826782 770.872803 678.070251 627.934692 553.58783 488.346527 476.375763 469.908813 410.031677 317.338898 248.131454 223.39032 222.342148 207.799362
930.107422 882.974609 830.168518 788.443909 776.30365 799.202026 794.055603 744.767395 609.068604 639.275391 951.910461 1322.94397 1482.495728 1449.57019 1346.099609 1233.910645 1127.078735 1031.892578 945.926941 864.681763 801.729126 792.75354 850.070374 935.642273 1005.266846 1059.349976 1128.964111 1241.586182 1393.126221 1555.459961 1702.678101 1821.500854 1901.599731 1942.259766 1955.015137 1955.009399 1931.349609 1839.072754 1669.022705 1501.607422 1388.182007 1255.028076 1053.775269 866.689392 766.457458 707.322205 635.588806 581.965393 573.819946 558.008789 485.588165 391.549316 331.250488 308.846252 293.885651 260.752014
881.008728 810.196411 733.814148 684.523193 685.515808 718.026611 694.323303 606.134583 443.463959 477.261444 802.388916 1167.077759 1309.167236 1293.176147 1250.494385 1200.000732 1122.70105 1037.081787 965.489197 904.177063 853.872559 847.741211 900.997009 979.570007 1043.833374 1095.110229 1159.297974 1258.068604 1388.808716 1531.304199 1663.105347 1769.553833 1842.424805 1884.284668 1905.794189 1915.332397 1894.754028 1808.068359 1660.245239 1523.827515 1429.934448 1308.380737 1122.581299 945.898132 840.309448 773.904663 708.886597 668.880676 663.597961 638.233398 557.409363 468.037994 419.905457 399.158417 368.690125 316.850067
845.988464 764.841614 673.414246 616.318787 622.900391 656.180054 620.43219 511.558258 350.268188 388.335602 696.851318 1030.613525 1158.621582 1162.23291 1164.396851 1157.316406 1105.165527 1033.466675 979.215271 939.942444 906.790405 906.157837 953.760986 1024.240479 1085.046875 1134.22168 1191.34729 1277.567749 1392.744507 1518.074463 1635.478882 1741.319824 1830.622314 1884.42688 1897.293701 1888.728516 1858.564087 1778.101318 1650.947998 1538.308472 1459.270508 1348.879883 1179.329956 1014.470337 907.196533 836.754517 778.33667 749.61554 746.34375 712.979187 627.717651 548.004395 515.133057 495.714386 447.787048 375.71637
821.213562 742.488525 648.04834 586.558533 590.863281 620.194275 582.517944 463.250549 312.880554 349.676636 625.35907 920.542847 1040.884277 1063.556885 1093.604614 1111.002808 1077.172852 1021.737671 988.436401 974.80072 963.459167 969.942322 1008.75708 1067.562134 1123.755249 1171.427734 1223.915039 1302.345093 1407.769653 1519.712036 1624.469116 1729.425171 1829.970581 1890.351807 1893.835693 1869.529663 1831.577026 1756.529419 1645.584229 1552.530396 1487.482178 1387.298218 1230.996582 1077.845459 974.279175 903.089233 847.702454 825.667603 824.766968 786.53064 699.665161 632.310974 616.656494 598.125427 530.897705 437.097382
810.919861 739.701416 652.155579 591.826111 589.11908 609.214661 572.551453 451.91217 316.464172 347.202759 582.338745 837.589355 954.279419 993.298584 1037.877686 1066.523438 1046.928101 1010.06781 998.77356 1008.235962 1016.286316 1029.854614 1061.425537 1106.966431 1153.811157 1198.68457 1252.842529 1332.285034 1434.060669 1536.362183 1627.498657 1716.832764 1802.431274 1855.963867 1863.933838 1846.013062 1810.325073 1739.480713 1642.547852 1570.484375 1522.122681 1430.683838 1282.845581 1140.813599 1046.189331 976.617432 919.391113 899.169495 901.438599 861.42157 774.685181 719.929871 720.71759 701.761658 615.15564 500.922607
819.176392 755.216187 681.192932 627.612427 615.541138 618.909485 578.508484 467.006104 350.502106 372.765778 564.916077 780.091187 892.315796 943.153625 994.52533 1029.046021 1023.672791 1006.985718 1014.94635 1040.172974 1061.130615 1081.252686 1109.223022 1141.619751 1174.646851 1215.772217 1277.000244 1361.223511 1458.376099 1550.644897 1626.717773 1687.371338 1735.814209 1774.362793 1801.845947 1811.091064 1786.347046 1719.772583 1638.594116 1592.633423 1564.262207 1479.454346 1335.505737 1203.344482 1120.388306 1053.736084 992.113525 970.848145 976.144043 936.345459 851.318665 807.126831 819.5177 797.968201 695.590149 567.544434
845.869385 789.495728 734.094177 691.398682 668.15094 650.398499 602.44574 504.243927 407.558716 422.102417 571.679382 745.919739 849.104614 906.43988 961.325562 1002.078064 1013.231567 1016.646973 1038.529175 1073.030518 1103.663574 1129.907715 1154.671631 1175.13208 1196.677124 1235.813965 1300.717529 1379.649292 1461.290894 1540.291016 1604.738403 1637.704102 1647.052856 1672.026001 1723.969604 1763.620483 1750.37793 1689.938232 1630.046631 1614.212891 1605.905151 1526.532715 1385.632324 1262.562988 1190.282593 1126.963745 1062.019165 1038.210205 1043.251709 1004.216919 924.328125 888.657104 905.250977 878.814941 768.279907 637.697388
888.581543 842.257446 808.229187 777.925537 742.935059 702.205933 645.005676 560.515198 484.60498 492.82489 600.931274 733.195007 822.748352 881.915222 938.430115 986.176758 1014.912842 1036.712036 1068.001831 1108.385498 1147.610718 1179.18042 1200.84375 1215.424438 1234.484009 1272.812622 1329.626099 1387.346802 1443.396729 1507.083618 1563.157227 1577.145996 1559.846436 1578.068481 1649.598633 1709.460083 1701.217041 1648.596436 1614.991211 1628.020142 1634.468018 1560.662231 1426.776489 1313.011597 1247.700928 1187.717529 1123.399658 1096.011353 1094.875854 1056.386475 986.98761 959.539673 973.666931 941.095886 831.365417 709.812744
942.326965 908.587097 892.091187 870.737732 826.87561 768.310608 703.572693 632.53064 577.008728 579.762268 648.487 739.910767 813.879517 871.660156 927.363525 980.397644 1024.644531 1062.172241 1100.62561 1144.959961 1190.707031 1226.619873 1248.612671 1267.025391 1292.70752 1328.50293 1365.981445 1396.705811 1429.871216 1478.519531 1521.715576 1520.896851 1492.609619 1511.484375 1592.539307 1657.347778 1647.665649 1604.373535 1596.182129 1628.913696 1641.015747 1573.936768 1453.484863 1350.710327 1289.024048 1232.635132 1172.662964 1139.946167 1126.58667 1088.582764 1034.769043 1016.271179 1023.877808 985.608032 884.17511 778.734436
996.181091 973.600403 963.295654 942.795959 895.622375 831.28302 766.450134 709.996033 673.879578 672.213318 706.783203 763.170471 823.611755 878.666931 930.138672 983.088318 1036.580444 1085.940186 1131.580566 1179.813843 1229.221069 1268.179565 1295.956421 1328.024902 1366.675537 1397.624268 1411.095581 1419.708618 1440.529785 1474.87793 1497.46167 1483.02356 1456.096313 1480.200806 1559.552002 1618.015747 1607.244751 1575.125488 1582.566895 1618.373779 1625.542236 1566.043579 1464.497681 1373.628906 1312.438477 1259.737671 1207.1427 1168.301147 1139.366211 1102.271729 1066.639404 1056.979248 1056.077637 1014.036438 926.0672 838.581482
1035.543701 1018.586426 1003.649231 976.986877 930.392822 872.081787 817.484924 778.075256 757.937805 753.524231 764.660828 797.827881 849.764709 901.667419 945.834534 993.388611 1049.813721 1106.901855 1158.958618 1210.233032 1260.840332 1302.931152 1340.35498 1387.582886 1436.786865 1462.751343 1460.27063 1458.794922 1474.791504 1494.543823 1494.9646 1471.813599 1455.101685 1485.272217 1553.484985 1598.73877 1590.128906 1570.289795 1582.008789 1605.777832 1599.658447 1546.659424 1464.676147 1383.862183 1320.073608 1270.806396 1227.421875 1183.201538 1138.920532 1103.327393 1084.834595 1081.304321 1070.551758 1027.53418 957.083801 887.616882
1049.607422 1033.157959 1011.051453 977.128113 931.091858 882.942627 845.376099 823.525269 813.531494 807.972717 810.532532 835.736755 883.892883 932.06665 969.350525 1011.293274 1067.787598 1128.893188 1184.160645 1234.923706 1283.78125 1329.501343 1376.643066 1431.091309 1480.65564 1504.896362 1505.891968 1511.002197 1526.140869 1530.643188 1513.003296 1489.612793 1489.318359 1524.705566 1575.572021 1603.629395 1597.488037 1587.869995 1596.549927 1602.721313 1581.738281 1532.136597 1463.867676 1387.738892 1318.886719 1271.992676 1236.966797 1188.824341 1132.612549 1098.808716 1092.864746 1091.132935 1070.66687 1029.917114 979.469177 927.776611
