数据测试/湖北大冶航磁_数据裁剪后_selected.grd
DSAA
186 98
6000 15250
9150 14000
-883.827026 2467.604004
[rows 25 to 49 of 98, columns 112 to 167 of 186]
56.73164 49.216152 46.56377 49.442532 33.31591 15.145018 39.695267 97.136688 144.649017 168.962173 186.343018 203.200226 213.84877 216.658768 213.398071 203.420898 192.587234 197.9543 229.925232 271.716919 299.371429 312.700775 330.516754 360.00589 389.492188 405.858307 411.846344 428.752869 475.574554 530.614563 551.182129 527.823975 503.258392 507.442444 534.545837 559.888733 569.092468 573.15387 589.406128 616.925842 641.312988 655.054932 659.912903 661.089355 661.083618 656.614075 644.529968 628.480652 618.046326 614.985535 613.193359 607.275024 597.324402 586.605652 579.051514 576.128174
42.045334 26.737766 23.107986 30.582132 19.483086 6.834508 35.607346 92.108269 134.447906 155.014252 172.221451 190.168259 201.356277 205.450714 205.301239 199.568024 192.994812 202.095718 235.666367 274.918427 297.575012 309.542633 333.254272 371.088959 403.919952 420.931213 433.33194 461.828217 513.452576 565.122314 584.027283 566.040222 545.218201 548.812134 575.427063 601.756287 610.058594 610.110229 619.987732 639.117798 654.324463 661.393738 664.761414 668.009521 669.454956 665.108521 653.528809 639.348572 630.634216 627.622192 623.459839 612.610474 596.001343 579.81488 570.765259 569.73407
30.293352 11.586331 8.046816 19.914026 16.102671 11.54568 42.523266 93.796822 128.914139 145.259445 160.949814 178.612045 190.688187 196.896698 199.357788 196.485367 192.936508 204.72049 239.071838 276.051422 294.753021 306.065765 334.841309 379.590881 416.108978 436.116821 455.987335 492.903931 543.228699 587.317078 605.65155 598.069092 586.106934 592.229919 620.128784 649.942017 660.885254 658.24054 658.345642 664.345703 668.726196 669.628296 670.888916 673.898865 675.167236 670.688782 660.077454 647.955322 640.407166 636.61676 630.009338 615.703857 595.39563 576.579163 566.725708 565.279297
24.953005 8.95558 7.306725 23.412836 28.571476 32.418827 60.985786 101.699341 127.856911 140.082031 153.438049 169.685226 182.403091 190.683517 195.135513 194.126266 192.562256 205.864624 240.072922 275.418365 292.336823 304.587128 337.490845 387.37149 428.269653 453.720673 481.107727 522.659607 567.258423 601.610535 619.621277 624.307739 625.009888 637.835083 669.442932 703.823547 718.315186 712.769958 701.28595 693.072693 688.055725 684.303955 681.875366 681.044861 679.991699 675.324341 665.839539 655.155029 647.835266 642.68811 633.822998 617.590881 596.429626 577.718323 567.466431 563.406555
26.176456 16.741791 18.979298 40.272984 54.905174 65.058235 86.902992 113.97757 130.763916 139.194931 149.662811 163.422333 175.788483 185.300156 191.261887 192.439728 193.925095 209.137711 242.021927 274.756256 291.492157 306.677277 343.130798 396.247742 441.783203 474.568726 509.475922 553.066345 590.725708 615.741272 632.80603 647.914612 662.147705 684.473083 720.872681 758.335388 774.747009 765.847229 743.674072 723.498901 711.703003 704.373047 696.899963 690.062988 685.967041 681.292603 672.452393 661.847778 653.760376 647.024597 636.43042 619.708496 599.999573 583.216736 572.4245 564.451721
31.804781 28.69676 36.105179 64.160469 87.260719 100.569115 114.134094 128.348068 136.877808 141.73703 149.079803 159.840729 170.933945 180.601089 187.609329 192.007919 198.663681 216.721954 246.813217 275.4263 293.237122 313.416412 353.079651 407.310455 456.699249 497.641144 540.58551 586.344421 619.439575 638.08783 653.175903 673.417603 697.221497 727.885864 767.683228 805.021667 820.500366 808.340881 779.246826 751.970276 736.074707 725.52301 712.626587 699.972717 693.299622 688.664612 679.853577 668.551758 659.355835 651.22699 639.505005 623.461426 606.713318 592.622681 580.884888 569.119507
39.419418 38.493134 51.266048 88.800743 121.26635 136.328583 141.113815 143.663895 145.279602 146.977036 151.144882 158.864426 168.584747 177.885773 185.520798 193.363586 205.746719 226.279877 252.73793 277.84259 299.216064 326.247162 368.40094 421.169891 472.499573 521.177063 572.838501 622.767151 655.458496 671.466797 683.930847 703.241333 729.233704 762.803589 802.740479 837.168274 849.151062 834.155579 803.351257 774.483948 755.968811 741.551514 724.42572 708.647827 700.554504 695.575073 686.696411 675.265381 665.564087 656.430969 644.058716 629.437012 616.501831 605.27832 592.391418 578.092712
48.203838 43.825424 61.515858 111.835533 156.403717 173.423508 168.531326 159.392059 155.069473 154.294769 155.518707 160.313019 168.663162 177.302872 185.150803 195.856049 212.96637 234.947006 258.158203 281.711548 308.700256 343.320496 387.384888 437.215027 488.8255 544.011841 604.605713 660.30719 694.252197 708.39563 717.823853 733.616089 756.830994 787.967285 824.375122 853.123352 859.175842 841.849854 813.996399 786.837769 764.332336 744.652954 726.857178 713.485535 705.998596 700.239441 691.889282 682.093567 673.286682 663.620728 650.772034 637.75415 628.61377 619.999756 606.428284 591.927734
59.442898 47.468746 69.1474 132.382553 188.23439 206.748932 193.620926 174.714951 165.149033 162.085724 161.110703 163.70166 170.589584 178.138397 185.839828 198.624222 218.875305 241.437622 262.404297 285.826935 318.070282 359.241058 405.388428 453.385437 505.023956 565.284485 633.68689 693.808105 725.753052 734.824036 741.134583 755.473572 776.567932 804.035156 834.673523 854.488098 851.139099 831.150818 809.786499 785.708557 756.618958 730.775696 717.468994 713.315186 709.33606 702.912903 695.829834 689.513855 683.078064 673.407166 660.005493 648.185913 642.23645 635.994324 622.941101 611.231873
75.437927 54.220711 78.093788 149.453583 210.418976 228.789139 211.921021 187.736588 173.266403 167.505341 166.005554 168.291031 173.893311 179.880051 187.199677 201.2742 223.113098 245.799316 265.663727 288.969727 323.466156 368.164398 417.056732 465.985077 518.065613 581.185913 654.603027 715.894653 741.854553 743.230408 746.988159 762.294434 782.644897 807.020752 832.37854 842.23761 826.367554 802.730164 790.641052 771.471008 735.50592 704.435974 699.607117 709.26239 711.559998 705.575623 700.390686 698.437744 695.320007 686.16626 671.915588 660.460205 656.82251 653.090637 642.486755 636.691223
97.788422 68.292572 91.733452 163.541031 222.253189 238.804443 222.191635 196.376373 177.211166 168.927017 169.289246 173.565704 178.28006 182.477875 189.446915 204.291824 226.490753 248.976273 268.531982 291.181488 324.600067 369.40683 420.486969 471.83252 524.452393 588.011902 662.450867 721.758484 741.629944 737.38855 740.109253 755.966919 773.719116 794.437378 816.402283 818.095032 789.268677 761.912537 760.564514 748.865295 709.707947 676.718201 681.267944 704.308289 713.822571 709.716492 706.790588 708.940491 709.352539 701.285889 686.21283 674.430664 672.323059 671.576538 665.76062 668.352905
127.814171 92.994736 112.954994 177.445694 228.643814 242.300919 226.957138 200.633682 177.805328 168.366028 172.120377 179.119873 182.820267 185.352661 192.593369 208.11116 229.77977 251.635788 271.3349 293.720673 325.354523 368.251678 418.605316 469.94928 522.10376 584.562317 656.583008 712.146667 729.328857 725.012329 728.807678 743.066284 755.186584 770.904846 790.504822 786.646667 747.999207 718.927307 727.730408 725.306885 689.053162 658.693237 670.542419 701.821106 716.162292 714.386719 714.285889 720.390381 724.168457 717.368835 701.821655 689.767761 689.106995 692.323792 693.441772 705.508118
165.81041 129.126083 142.683014 192.840088 231.854523 241.33075 227.77243 202.737396 178.900238 169.98526 176.808197 185.65033 188.175766 189.342392 196.86882 212.57251 233.147995 254.268265 274.721252 298.121368 329.133972 369.284607 415.367981 462.849487 512.733887 572.648682 639.736084 691.142517 709.900269 711.197266 718.158813 729.742737 735.568787 745.94928 762.452209 755.033997 712.525452 685.115723 701.318481 708.05127 680.335571 656.733582 672.368652 704.533936 718.830017 718.402527 722.016785 732.508606 739.185059 733.317505 717.858948 706.405273 707.84314 715.999573 725.163147 746.059387
210.686371 174.137817 178.826462 209.183578 231.146515 234.842834 225.203369 205.678665 184.648224 177.19989 185.284958 194.594604 196.35463 196.49794 203.231613 217.696411 236.561447 257.111694 279.007568 304.489563 335.711304 372.645355 412.568542 453.982117 499.77771 555.118652 615.494324 662.990234 686.057312 696.064758 707.790161 717.984741 719.912292 725.902283 738.138733 729.433411 690.670471 668.413452 687.942627 702.026367 686.33783 672.076599 687.870911 714.147522 723.549133 723.025085 730.57373 745.432373 754.339661 749.138306 734.469971 724.760254 729.250732 742.847229 759.848938 787.868958
259.711731 222.944229 217.415939 225.784805 227.773529 224.561722 221.204727 211.382813 196.285446 190.46405 198.070313 207.220322 209.320892 208.792542 212.9048 223.903137 240.123947 260.210083 283.881226 311.566071 342.943268 376.606995 410.568481 445.575104 485.545227 534.205261 587.148376 631.105652 658.444763 676.87854 694.684998 707.108459 709.420044 713.045349 721.006775 713.883118 685.838684 671.825684 690.920898 709.2099 706.41449 702.394409 715.801514 732.091309 734.023315 732.212708 742.192383 759.559814 769.511963 764.935303 751.780212 744.728638 752.952271 772.078857 796.049927 829.379883
310.278351 271.587097 255.709152 243.435806 226.165375 216.085159 219.320831 220.371719 212.422638 208.282272 214.840271 224.012894 227.455597 226.347641 226.25235 231.700714 244.114059 263.449615 288.744629 317.987366 348.634827 379.177643 408.688873 438.17926 471.22995 511.845337 557.401672 597.583679 626.598633 650.959167 676.214722 695.802551 703.186646 706.952942 712.302734 710.031982 697.445129 694.118347 710.734741 729.724304 738.127869 743.663757 753.570007 759.061951 753.679443 749.752197 759.147827 775.494141 784.696655 780.736389 769.858887 766.180481 778.562622 803.016724 833.070618 870.569336
361.978516 319.844269 294.362885 265.10791 232.383316 216.273819 223.674957 233.138504 231.709244 229.348038 234.765259 243.761032 248.5345 246.877213 242.30455 241.461639 249.209854 267.15155 293.511475 323.039429 351.217957 378.334473 405.256073 431.216217 457.769653 490.275696 528.894531 564.537598 592.096436 619.619141 653.396606 684.167786 700.337646 706.787109 712.099365 717.64502 722.923157 731.614441 745.195679 761.668701 777.345032 789.913635 796.526855 793.684937 783.743774 777.690002 782.975342 794.124634 800.392822 796.945068 789.097412 789.397522 805.990295 835.308777 870.800293 911.938538
416.652222 370.563354 336.712738 294.835236 251.320648 229.800797 237.172485 250.558456 253.908417 253.326309 257.154724 264.08316 268.041443 265.507538 258.429596 253.22319 256.682678 272.52478 298.759674 326.756989 350.500305 373.606445 399.464996 424.20813 445.861786 471.253357 503.786896 535.051025 560.103455 589.286621 630.869263 673.388184 700.014832 711.471313 719.388367 734.634399 758.10907 778.845276 789.816284 801.449768 819.266602 834.759888 838.389832 831.361572 821.419739 814.59613 813.545227 816.766602 818.951599 816.052063 811.394104 815.567627 836.004883 869.574707 909.777283 954.164001
477.998138 428.409393 386.799957 335.930573 286.258148 259.87027 262.01239 273.112457 278.089447 278.976013 280.787292 282.584381 281.444763 277.412659 272.287079 267.556 268.451538 281.246948 305.489105 330.277069 348.745972 367.67453 392.966156 417.892914 436.557678 456.606506 484.462555 512.710083 536.47821 567.138611 614.149719 665.692749 702.13916 720.362244 733.112366 757.944885 796.615967 827.438904 837.215759 843.743835 859.185791 873.325928 874.434082 867.342285 861.374268 855.859741 849.483582 845.565063 844.255066 841.973938 839.878174 846.921265 870.127869 906.653687 949.909485 996.162781
549.354858 497.085541 447.199158 389.720062 337.878601 307.00354 298.850739 301.468536 304.640076 306.179504 305.068726 298.510895 288.31366 282.609772 284.063843 285.046509 285.639282 294.663239 315.064789 336.177612 351.018646 366.97052 390.732605 414.873535 431.629761 448.44519 473.147614 499.740509 523.859863 556.219543 606.004028 662.778931 707.350708 733.445068 752.396851 784.176025 831.368774 868.441406 879.545776 882.928772 893.312195 903.172119 903.059692 899.062988 898.688049 896.561768 889.224426 882.431641 879.391724 877.492249 877.167786 886.335754 911.242859 948.772583 992.022949 1036.329102
628.679382 574.436584 516.056824 453.434357 401.445801 366.262054 345.878448 337.53186 336.761414 336.928619 330.755005 314.443634 295.318939 289.070679 298.216583 306.404297 308.136322 313.409119 329.00946 347.860626 363.39621 379.133392 399.223114 418.864594 433.851135 449.800873 472.429352 497.50296 522.691101 556.910339 607.626099 666.955933 718.429138 753.115173 778.289368 812.528687 860.207031 898.741638 912.740234 915.646851 921.042664 926.448914 927.069214 927.99115 933.190735 935.795898 931.814392 926.330627 923.348694 922.121216 924.039612 935.886353 962.044373 998.157654 1036.584839 1072.534668
706.956543 650.926758 586.452332 522.450439 472.45163 433.442688 401.533386 383.322784 378.784241 375.427032 361.423584 335.901825 311.73938 306.427094 319.909088 332.209564 334.908844 337.160034 348.559631 367.98941 389.403595 407.934479 421.812622 432.555939 446.101196 463.71463 484.189362 506.772583 534.084473 571.291809 621.496216 681.187256 739.374146 783.770508 814.137695 845.698853 886.585205 921.65448 938.010559 942.654175 945.932129 949.584412 952.796021 958.662415 968.088135 975.325745 976.708923 974.906616 973.547485 974.46875 980.470276 996.201416 1022.65155 1053.534668 1080.832275 1101.652344
774.402466 716.778198 651.999756 594.74762 551.887268 510.047333 466.699951 440.700348 435.030396 427.464172 402.7117 368.484833 343.62326 339.903473 351.992371 362.837524 364.981506 365.273773 374.243225 397.143341 427.741608 450.629791 457.060913 457.492859 471.432892 492.335236 509.024078 527.697876 558.997925 601.06958 649.497131 707.452271 772.235474 826.980042 861.35675 887.081299 917.334717 945.632935 962.547424 970.291443 975.441406 981.003296 987.704895 996.829834 1008.1203 1018.367188 1024.673218 1027.060669 1028.692627 1033.967163 1045.948242 1064.709351 1087.031738 1106.605225 1117.753174 1120.613037
829.038513 770.777405 712.397034 671.798767 643.175293 599.628906 543.56311 511.775513 509.493896 498.63205 460.24231 415.980804 392.247345 389.436768 394.88208 399.002289 398.42041 397.203003 405.251556 432.937805 472.81192 499.69101 499.634766 492.925903 510.052551 534.116089 545.156372 559.239502 595.403137 643.064819 689.27179 744.126526 813.420532 876.434021 914.477905 936.061768 957.238464 978.31781 994.051453 1005.508972 1015.884399 1025.889648 1035.099121 1044.829712 1056.08728 1067.643066 1077.196289 1083.79248 1090.424561 1102.074341 1119.303345 1136.074585 1146.639648 1149.283325 1143.287964 1130.093262
874.42804 817.514282 770.824097 754.286377 745.29248 701.188904 632.193787 597.590149 603.295227 590.252991 536.057983 479.187958 455.098663 451.256683 447.248749 441.783691 436.565918 433.068207 440.008667 470.82489 516.599243 545.681396 542.384094 535.094727 557.571777 583.038208 588.143494 598.928772 639.75708 692.008972 735.885742 786.168457 855.007263 921.472107 963.269287 985.245667 1002.445923 1018.780884 1033.393311 1048.849487 1065.761475 1080.543701 1090.714111 1099.416016 1110.118286 1122.328735 1134.078735 1145.340942 1158.641479 1175.990723 1193.484375 1201.697144 1195.957764 1180.492432 1158.958252 1132.738892
